1500 5000
765753 682 4
989518 1288 2
816537 682 5
303989 882 4
398586 899 4
547377 122 5
602897 964 6
929779 1376 5
247182 188 1
267971 699 6
355407 690 6
656579 147 5
372052 434 2
749861 1204 6
699448 1089 1
75899 1415 4
93245 1098 3
186188 909 5
509065 1386 5
638290 342 2
124871 301 2
800972 1083 5
775143 745 4
917170 1170 4
403810 889 6
365394 153 4
440036 632 2
984884 1213 6
314799 1233 4
862755 888 5
399128 1177 5
846948 1077 5
167867 1198 5
170343 827 6
940755 1088 5
876876 817 6
837117 1119 4
679737 1409 5
673249 1052 3
424925 820 4
661797 1403 4
32280 1309 1
677159 1037 1
353061 266 1
726806 1203 5
467087 996 6
352558 1271 6
935945 1079 4
577851 322 6
962783 390 3
557583 777 3
478670 1230 4
839203 177 6
909447 447 2
125632 1349 4
477249 1349 2
153473 1217 2
291065 1419 6
299302 339 2
440697 1258 2
380670 1215 3
151679 871 5
642695 60 4
680984 1163 3
578393 577 2
391536 1090 1
24854 1344 2
802564 723 5
850608 1360 1
527192 842 4
309233 1343 5
631983 795 5
81148 285 5
726554 1354 6
617519 173 5
435783 116 1
30023 1062 3
121484 1060 5
299522 1051 3
706059 1421 6
729392 1165 4
733478 425 5
279252 759 4
802865 754 3
574137 537 2
473631 690 2
807441 1296 6
874594 559 4
718016 1399 5
365394 1239 4
495308 1170 2
65974 1177 4
75460 1230 4
229874 897 5
843651 897 3
938923 244 6
497499 541 5
606068 1322 3
802032 1105 4
829808 844 4
509065 1435 5
495385 406 2
233647 1391 4
256375 753 6
221933 940 2
757132 1334 1
785091 943 6
219394 740 4
968678 173 5
736191 606 5
926611 863 4
431706 957 1
69169 1174 2
641877 986 1
767196 207 2
810577 69 5
225847 1027 1
715007 687 4
714498 1275 2
448549 1404 2
752860 472 6
138345 986 3
814259 1192 6
160603 1440 4
957872 1418 3
392901 728 6
731473 548 5
958825 431 4
349937 1073 6
667697 1298 6
15678 1240 2
146723 1381 2
944721 1121 2
856649 1170 2
559984 834 3
489643 1017 3
352558 1047 6
461091 1222 6
242149 29 6
812543 205 3
839916 224 5
796307 138 3
177932 1229 6
491660 1007 2
741883 135 1
634671 337 1
741409 1266 1
518165 1188 4
334628 1133 3
656579 1051 5
667902 1232 3
429248 241 4
252400 977 5
760983 1185 1
70679 1085 2
209234 479 4
949736 1421 1
737175 1270 6
994145 1320 4
891796 356 4
597818 178 6
625966 201 2
776896 746 3
58720 836 4
596420 404 5
114674 512 2
790515 1330 2
378221 1431 4
246173 1439 1
376828 950 4
649386 1265 3
802967 1239 3
142618 403 5
687663 1043 3
350232 83 6
597586 425 2
136036 1028 5
323143 823 1
787739 715 3
470228 127 2
540871 1067 2
290749 77 6
846542 275 3
600315 314 2
341435 620 1
730929 314 1
715600 200 4
353670 1400 2
876972 1421 2
814182 251 6
987984 1291 4
862960 1378 2
814062 1334 4
594606 884 3
693820 987 2
309613 1292 4
478062 1003 5
7157 1393 5
74054 1408 2
569714 50 4
931007 792 6
316173 1012 1
751014 1204 2
367916 644 4
938954 1068 5
651958 688 3
394300 1381 1
705185 804 4
324287 112 5
865651 1305 4
611621 1354 4
314096 495 6
945757 925 5
162768 0 5
159487 1119 5
814375 1354 5
309725 81 4
531443 1357 5
964365 1399 4
921099 1152 5
938255 411 5
144282 1334 2
729244 1342 6
968977 695 3
256736 1183 5
780443 1003 5
40449 1104 3
933537 1036 3
460479 1311 5
36627 1325 1
773390 355 6
892144 1414 2
882118 1424 5
483988 928 4
897086 1440 4
581941 1367 2
620632 751 1
467618 1314 6
139187 1123 1
312273 923 4
36206 1273 4
860222 1034 2
793203 1140 3
791755 233 5
584475 1254 6
859889 1434 5
373125 895 6
712221 184 1
241591 190 2
102372 1195 4
115829 1263 1
465733 1014 4
447785 1164 2
324839 1093 2
761863 537 2
197572 998 3
402947 711 2
119068 1435 3
411011 578 4
318150 1362 5
407891 648 1
239949 658 6
723118 461 3
519145 890 5
670357 1295 1
324409 24 1
645500 1386 3
315494 1395 6
375515 890 1
695222 822 4
321498 1425 4
702776 753 2
593932 283 4
351571 1376 5
784195 25 1
332397 656 5
447785 1244 2
760785 1368 6
278739 1242 3
845141 54 1
479591 100 4
597818 37 6
622806 418 1
630268 1328 3
813693 1016 4
241907 1175 2
954821 23 1
98484 347 5
305980 634 2
954328 546 5
949886 1206 3
169470 963 1
964503 571 4
29182 207 3
837082 902 3
705415 635 2
968511 1386 5
615745 114 1
120193 1180 2
245600 1362 3
865076 828 3
38849 1410 5
746014 1348 3
664490 651 4
425558 565 3
588840 521 1
171472 207 2
950472 1024 4
120574 405 6
841254 295 1
437477 571 5
961263 221 6
434782 893 3
683104 517 5
416751 1063 1
346684 739 3
665072 919 3
643127 291 1
236355 184 5
134769 1281 4
616608 1406 5
34624 819 4
478062 1048 5
811465 793 6
413713 773 3
628103 55 5
876266 697 3
507329 1173 5
389626 1265 4
709046 531 1
482275 226 3
156422 819 3
882879 1095 6
490815 165 4
362066 113 4
690985 782 6
359535 1009 6
292759 299 2
686221 382 3
845115 927 5
416973 522 5
952575 1302 3
611717 932 6
309421 1355 1
179639 721 6
210550 1029 3
213904 339 4
987716 418 1
876266 268 3
705185 1349 4
325961 926 1
898062 1428 2
684911 693 4
510688 1165 5
243644 569 4
46664 1430 1
161404 588 1
516610 1384 3
36627 1421 1
612989 554 6
286305 787 4
601188 81 2
953887 1344 4
68432 1380 6
193573 1086 1
387731 1304 1
884415 115 5
948091 255 4
760983 843 1
988850 1376 1
373028 146 3
858777 1397 1
330080 88 6
270520 1316 3
237583 669 3
958763 1119 6
454474 541 4
935990 449 4
737502 1291 2
261934 726 6
806306 581 3
811310 311 2
81479 1138 2
175648 935 1
857623 245 6
686822 769 4
514108 319 5
276049 1344 2
359656 1008 6
591162 1114 6
347580 882 5
757132 1037 1
500891 747 2
436615 1169 5
83436 1208 2
76271 1371 1
353670 1431 2
184750 543 1
614860 1067 5
385657 920 2
654177 599 5
457704 939 4
811631 937 1
186188 818 5
786446 1367 1
934172 1174 5
596287 1260 5
37835 1437 1
256784 245 1
514009 1315 5
242134 729 2
814971 1410 1
895188 1032 4
23967 962 6
989991 1403 2
64732 295 1
416294 1289 6
397742 1210 4
962371 1168 4
487992 704 6
146562 244 5
754799 1082 5
789600 1419 6
62122 1169 6
188351 534 6
963799 871 3
321498 1327 4
241312 1008 4
429155 297 5
859889 1344 5
596287 1112 5
351546 1421 2
451696 814 3
985066 774 1
42776 1402 5
65188 203 6
20292 1108 1
902146 331 2
113654 501 4
225322 1133 1
606700 358 3
852408 1239 4
39972 70 2
971591 834 1
577373 1018 4
554508 1416 4
351828 1337 3
162499 1167 4
530454 1177 3
207696 331 6
425245 1056 6
965672 1017 3
815887 1375 1
933658 881 4
100288 1368 5
366291 375 3
929941 1428 2
225322 1188 1
403353 453 6
34202 1 5
702864 1350 2
488983 1282 4
788206 1243 3
308115 1244 5
726143 751 2
37681 1079 6
24103 1151 2
916748 711 5
13012 297 1
83436 1425 2
205103 1108 2
632272 959 5
198252 1400 1
97541 747 3
124969 1312 3
160603 1199 4
260870 855 4
507160 1083 4
875327 450 3
174940 1112 1
472483 580 6
812893 681 3
553775 120 4
37083 1020 4
17824 483 4
375434 1338 6
584512 1339 2
737655 922 1
455813 491 6
169869 1275 6
722547 772 3
519695 693 3
713843 1370 6
167150 1393 1
882118 1081 5
961263 1221 6
920585 227 6
39291 1186 1
807441 1369 6
50294 1170 2
968741 1350 5
398844 641 4
267971 1074 6
320581 1298 1
605919 594 1
903239 1323 2
292759 646 2
2441 1413 6
332483 588 2
646728 328 3
218534 1043 4
522303 1299 6
720330 1361 3
940692 1311 2
183598 1108 5
143157 150 6
363466 636 6
26059 765 6
538711 714 4
292452 811 4
500418 951 1
870884 997 2
888885 921 1
250552 1153 3
452733 269 3
950500 1367 5
862678 1219 4
349035 368 4
371980 1154 5
766561 27 6
383394 258 4
159744 1088 4
63120 1025 4
647365 841 4
785841 140 2
909715 1192 6
94429 1109 6
65445 1359 4
692830 952 6
61763 1396 5
954821 1044 1
737982 1053 1
712331 1246 5
478546 115 3
963505 383 3
802330 1175 3
666740 242 4
917170 1324 4
477249 1425 2
569714 1323 4
702864 1283 2
996298 982 1
998528 683 3
481604 1229 5
221461 99 6
338021 1226 4
276541 33 6
548071 1305 5
442778 935 3
733670 992 1
96307 1416 2
382247 682 6
48379 739 1
339006 592 4
588472 1208 2
936753 987 4
411142 1277 4
284095 1364 4
944097 1136 6
467321 225 2
314959 1140 4
236355 1046 5
394454 841 6
890537 1115 3
82098 628 6
13197 738 6
615405 1067 2
556176 962 3
118265 22 1
279252 813 4
891780 1203 3
340669 534 4
427045 168 5
564942 723 1
441144 959 1
464256 1404 6
567880 1066 3
241591 599 2
609109 409 6
620030 1260 1
954347 268 1
587980 711 1
399987 1275 1
64641 1386 5
751229 382 1
801845 962 4
257518 1383 5
718331 222 3
118264 1439 4
288265 1200 5
793745 136 4
395044 1084 1
284893 983 5
823824 1073 2
657873 745 6
102372 86 4
540693 4 3
369702 448 4
79406 446 4
280302 491 3
149753 904 3
649801 622 2
269836 1392 3
321835 1189 5
193195 942 1
762787 712 6
61382 1424 1
816770 668 4
437145 85 3
176768 118 5
358092 1256 3
736547 1391 3
182285 1429 6
927990 1121 2
23482 1014 4
741413 1375 5
783044 1244 2
754190 1430 2
365819 359 3
473614 1418 5
914985 697 5
317028 557 1
182319 1295 5
55829 1185 5
24854 1280 2
595538 1123 1
414382 894 4
263723 302 2
65141 1072 1
491755 596 1
13406 1177 3
419686 1115 6
759225 250 3
75618 1078 3
675933 867 5
152252 1277 6
483060 834 6
183938 848 3
849465 783 5
679508 608 4
350811 783 6
885892 668 6
939049 1126 1
447432 1277 2
474127 1309 3
40946 1385 4
815757 976 5
89245 1324 2
678567 1314 4
65061 982 2
319364 146 2
958538 1242 6
896787 108 5
251189 49 6
662154 713 1
113654 863 4
159128 1379 6
831458 229 1
386374 1354 4
325961 595 1
301119 1264 3
773249 901 5
250552 878 3
447515 1285 1
652269 663 5
655301 1429 1
659341 31 1
665072 1016 3
932463 706 2
713141 198 6
515306 802 2
576926 1048 2
635571 717 1
283088 1349 4
859558 897 2
493833 1127 1
973531 1101 1
287728 900 3
904096 698 4
668181 383 3
256488 1205 5
541748 718 3
195710 783 1
220791 1050 3
135130 1254 6
6535 1298 2
82721 1370 3
985066 1316 1
657160 322 5
183492 342 4
50693 869 4
865895 1237 2
79984 876 2
903009 1073 6
463497 527 2
340901 1365 5
750825 946 1
340669 422 4
562404 1199 3
195350 1309 3
736052 714 5
724650 1396 6
553861 510 5
314799 900 4
340957 1439 6
105480 1033 5
973176 1373 1
835716 905 5
125276 1033 6
683335 1419 3
207234 1262 2
538297 1050 3
535576 350 6
969849 769 3
950472 1340 4
11246 974 5
907044 1177 1
142352 872 3
633469 1048 3
59892 1248 4
552712 1204 6
905473 312 1
775143 910 4
664925 1270 6
207156 101 5
44687 1409 1
35039 287 6
156422 565 3
304216 1014 6
65907 1337 1
385808 1292 6
581015 1346 1
638200 1433 4
641817 725 2
799330 700 3
750825 1094 1
288820 494 3
623491 1304 5
833795 1051 1
81633 1217 6
55842 1286 2
487411 1280 6
378795 1358 4
553898 810 6
678567 573 4
836031 35 5
987984 800 4
185053 264 2
565712 1159 1
975931 749 3
821840 1193 3
859558 622 2
886332 470 2
839102 1426 6
614860 1316 5
54961 1208 4
816537 866 5
417946 1411 5
524155 2 5
247320 1164 4
875480 1415 1
364332 1377 3
501255 892 5
757151 292 3
523489 1381 1
773354 1250 4
657434 883 5
555294 424 5
203152 1348 6
667902 432 3
195633 823 2
314393 876 2
532139 575 5
786226 1292 6
169198 1058 3
381408 392 6
621235 1074 6
391536 1167 1
420285 1302 6
498076 1033 5
411011 217 4
963536 855 1
347050 926 4
765745 1160 6
853061 1024 2
797851 1162 2
219394 1104 4
463138 902 5
900364 964 4
199031 937 1
165670 1259 2
88053 88 6
200966 466 6
124512 704 5
667697 1409 6
158352 102 5
463383 1329 6
689206 556 5
438056 1299 3
424903 546 5
746014 1196 3
452733 1138 3
875327 530 3
145749 157 2
649302 1156 4
806494 1393 2
670943 1314 6
449609 1105 4
731261 1175 3
405660 35 4
702850 1079 4
281983 859 3
737206 1298 4
723545 1248 3
800300 37 6
736459 408 1
430426 273 4
551026 858 6
945885 644 4
123673 78 3
46950 1132 6
626518 771 1
546030 31 4
389415 1163 2
284027 1280 5
899321 1194 2
824902 299 5
953341 749 4
46657 628 1
256107 1021 3
985708 1432 2
925277 196 2
607850 483 3
163300 1265 6
597520 395 1
984478 1133 5
216485 1379 5
85810 1079 6
420982 963 3
876876 666 6
909457 787 5
461018 818 3
327636 1418 2
563593 858 5
12875 1115 5
503298 1001 6
669670 6 6
895367 1385 3
88039 173 1
810824 391 1
205163 1312 6
408387 581 1
394726 538 2
726549 1371 6
670899 789 3
984884 7 6
715885 910 2
273934 1250 5
447387 474 4
261272 1316 2
738362 1333 1
958538 881 6
227757 1038 3
69197 1376 6
650794 668 2
716354 1433 5
836845 1240 3
567227 1117 2
395044 1144 1
126426 721 5
767289 831 5
429155 113 5
381375 641 3
675114 529 6
664490 1065 4
196189 1358 3
547360 633 5
509976 1054 4
495087 1129 5
278265 1183 4
139504 59 4
399455 939 2
34254 1393 1
199190 1105 4
519772 703 6
953627 172 4
97765 1366 3
43772 309 6
454518 1233 1
608869 1195 6
399154 790 4
411696 1433 3
696071 89 6
22351 547 3
769681 1420 2
282936 296 6
437145 691 3
186527 1223 3
43516 1043 4
883768 1178 1
737175 1400 6
904096 1013 4
767859 709 4
633833 409 1
650137 1307 2
417422 890 6
896787 164 5
593150 1043 1
909167 434 5
589942 1342 2
739929 150 6
263800 406 6
409032 921 2
430145 1296 1
383644 770 1
447493 1068 1
229165 1353 4
496381 995 5
920290 1323 6
243907 1360 5
865076 906 3
967374 1339 2
235081 792 3
840378 193 2
357395 650 6
415097 1097 4
799493 870 5
528277 1219 6
465054 925 3
945263 1291 2
375442 1356 3
805913 1188 3
932509 1329 1
439557 472 4
78090 1145 5
409452 1090 1
403810 261 6
884321 1340 4
841267 800 2
772755 1086 1
800357 493 5
66374 405 3
771389 664 6
314773 953 6
190154 814 1
811465 1097 6
632272 1276 5
810200 1283 3
610342 742 1
183598 714 5
324409 1066 1
37414 322 2
863867 1031 6
230675 1326 3
568799 808 2
9368 1209 2
347580 1401 5
334373 1233 4
607234 1106 1
532139 1240 5
130692 496 6
924316 1090 3
236939 1114 4
140246 281 2
944906 1000 6
197687 1384 6
834726 881 1
455405 836 1
916422 1199 6
754190 1333 2
123492 1274 4
910085 846 6
460143 442 4
519586 380 4
856111 806 3
907261 1201 5
309233 1201 5
181137 513 3
40187 1146 1
286260 783 1
760505 911 6
581645 1137 5
896144 1326 4
588472 1111 2
989991 1372 2
64732 489 1
268059 1382 5
114343 430 2
660016 1405 2
700404 393 1
927990 804 2
556911 163 4
275925 81 6
380941 715 1
272618 1339 2
962530 1380 3
767115 908 3
108754 776 5
484993 1429 2
508816 667 5
672046 451 3
200338 1068 2
921476 1147 1
83539 1406 3
582208 95 6
399897 979 5
116812 1260 1
49324 570 3
50538 589 6
437829 1308 1
506934 118 5
318647 618 3
66374 1002 3
609113 965 6
438776 152 2
258429 918 6
719760 989 6
737655 436 1
865416 1187 3
962939 1209 5
775581 1422 1
562404 1278 3
274759 1240 1
969172 1305 5
242980 267 5
952671 1368 5
800549 1326 6
557583 1268 3
628653 1172 6
693475 822 1
674599 1404 2
872273 83 6
21348 200 1
410972 1117 6
195710 626 1
329333 860 4
948091 179 4
943697 1104 3
958686 180 5
837007 801 5
668872 1079 5
591162 1252 6
997043 444 2
546503 1111 3
982039 740 3
236939 1169 4
846945 1174 2
242134 531 2
144282 1369 2
479052 1188 2
675937 135 5
757739 134 4
383076 893 2
720385 1219 5
65007 1124 4
628653 1304 6
52294 1362 2
724027 335 2
188850 1141 2
819804 957 3
503298 1139 6
620837 1129 2
742269 63 6
540930 594 5
381868 911 3
901296 224 2
223151 420 2
396057 1394 5
800972 1256 5
331525 1416 2
423683 1091 3
184240 1085 5
236644 1167 1
215290 1101 4
141141 123 2
429292 1014 1
476044 219 1
818131 1312 6
984775 1356 5
829632 827 6
897151 1255 5
552903 1333 6
45700 559 1
810449 376 4
339463 943 1
294461 378 2
966846 719 3
497588 1247 2
439920 548 1
486367 990 5
396672 1371 5
991281 1215 2
620837 834 2
447864 913 3
609361 1384 3
793035 713 2
634373 767 3
159128 968 6
709046 1427 1
109619 815 1
898507 630 3
872838 669 4
978228 1024 4
805753 1331 1
434609 1176 1
255510 1401 2
836031 132 5
621473 1134 1
978566 1101 2
695419 1046 5
84277 529 1
273275 1286 3
928276 948 5
520915 1349 1
476264 1199 4
73984 206 4
673302 1052 6
515012 1327 6
547485 1146 2
758420 1265 5
459799 943 2
716236 1319 1
130064 1330 4
764892 1392 1
265734 1274 4
842088 1022 1
992666 1010 1
842088 186 1
725947 544 5
951629 179 3
788204 896 6
436540 1129 5
496928 1342 2
989994 1094 6
126984 868 4
760173 1070 2
336141 1121 6
782519 1323 6
332230 723 3
468094 688 2
367211 1420 2
126426 1002 5
742034 1010 2
917131 978 3
948851 1434 6
959531 1280 1
229431 329 3
447864 1286 3
701431 1046 5
13420 776 2
547485 1030 2
971264 692 3
131441 548 4
499057 1417 3
159869 742 3
812719 522 5
541216 8 5
636207 488 6
634542 1154 2
599209 386 4
893493 1418 6
383283 1095 5
314861 1384 1
762542 1090 5
947330 437 4
308001 695 4
553898 584 6
229301 1375 4
410172 1419 2
286353 649 4
566235 53 6
649518 712 1
75762 819 5
370697 1414 4
911649 939 1
567597 355 3
587732 992 2
629301 1284 3
405221 786 2
192769 1334 5
35091 1342 1
324894 410 2
288373 753 1
786802 394 3
282853 952 3
483095 1103 1
518441 1127 2
93759 686 4
341992 1312 4
381375 120 3
710488 1267 2
741041 1244 4
634590 985 3
836356 792 5
10229 1074 6
91512 1283 4
834726 1015 1
247182 1114 1
747843 1201 4
961778 415 5
365819 587 3
390824 748 6
548362 222 6
534303 369 2
183129 1418 3
35834 694 2
818354 1147 2
959770 608 6
342707 645 3
568837 175 3
710488 309 2
329370 909 3
782519 639 6
335129 981 3
484595 902 5
20964 489 1
572971 1342 4
785659 418 4
815887 889 1
611717 347 6
762901 1204 4
232631 1112 1
197116 1090 2
776385 476 4
291856 1016 1
658248 1437 1
226220 124 1
897151 996 5
67400 959 2
86446 980 3
414063 504 5
992987 701 3
468709 1323 2
804616 1302 4
557933 1394 3
761046 1413 6
602987 566 6
781008 1214 3
159744 968 4
559984 1102 3
306951 935 5
905148 833 1
312273 1104 4
184447 283 6
961316 689 1
706773 1059 2
886251 281 3
903543 733 5
912591 1018 4
667816 146 6
721819 598 5
135283 1345 3
964967 760 3
367495 794 4
478546 151 3
353565 502 1
784310 1414 5
908359 1103 6
441957 1193 5
165889 1143 5
909543 743 3
302245 1416 1
698198 1121 5
915686 1229 3
182285 1309 6
773987 764 2
487971 78 5
506609 1384 3
282456 1417 3
294956 1344 6
219055 1320 3
114674 590 2
402968 1018 3
933956 1397 5
473218 1408 4
532323 1310 2
199210 906 5
247602 1193 5
209733 421 5
283775 1224 5
131441 1425 4
554617 485 3
892332 575 4
291880 883 6
880262 1219 6
468906 780 4
702402 1315 2
394032 1315 6
849131 1437 5
544539 1004 2
203933 998 6
430145 1335 1
916341 298 2
574137 1063 2
842901 696 4
149091 750 1
274440 921 2
995494 460 5
714818 72 5
541653 1182 2
411134 897 1
309725 848 4
275109 857 5
126501 1047 6
12875 630 5
981004 1220 1
767763 1422 6
338144 778 6
351217 814 6
222007 571 1
366973 1084 6
969849 544 3
881827 866 4
946452 410 5
78090 962 5
706341 952 6
146377 514 3
589942 1204 2
506952 768 3
608143 1258 6
230803 1324 5
829632 1161 6
330243 698 2
692009 893 5
751434 1287 1
739954 907 6
376828 1384 4
34691 407 2
211948 1191 3
212195 1298 4
295209 1128 1
265771 404 5
741523 661 4
876245 511 5
514975 398 5
562216 38 3
400340 1288 6
31867 433 6
588202 236 4
810734 422 2
139446 552 1
721536 1207 5
139306 912 6
780880 226 6
416330 439 4
325018 1239 5
356954 1108 5
394188 1221 5
76271 1328 1
206032 166 1
227757 1239 3
11731 1322 5
691010 645 4
675022 1288 6
899661 1329 2
573318 537 3
642493 382 5
968741 1389 5
121744 1366 3
553861 195 5
411142 541 4
364800 1361 6
309377 1143 6
103784 31 2
500418 633 1
994357 883 1
377923 1430 4
638200 1389 4
145090 552 4
325356 959 1
350811 313 6
72975 203 6
51710 1098 4
459799 1067 2
676141 1257 6
745086 900 3
717469 197 4
304536 1300 4
268615 1421 3
292609 191 6
178739 1036 6
894786 982 2
796214 441 5
528615 958 3
147034 1281 4
511138 801 5
305458 242 6
346603 1311 5
797851 500 2
796268 698 4
730123 17 2
165912 1403 5
220791 1275 3
854959 610 5
29175 1012 4
518429 1320 4
885358 608 5
547360 56 5
586151 1256 4
513680 1348 2
232610 1099 4
695419 1365 5
893622 1387 5
340957 965 6
517002 1349 6
457943 1240 3
68432 545 6
761993 1097 6
473614 1376 5
634590 879 3
143157 99 6
7175 153 3
426946 1429 6
123673 172 3
51598 1383 6
983395 1349 3
413713 941 3
231935 181 4
496977 1165 3
195027 1205 4
261604 1298 3
287827 973 4
468144 1402 3
345769 1423 1
41919 1329 2
62122 1000 6
724650 1117 6
660510 893 1
634542 484 2
98437 730 4
105274 742 3
30023 858 3
731464 307 1
75899 1252 4
834047 65 4
941702 1365 6
394454 1248 6
263248 27 4
26429 1358 3
641330 165 2
189026 937 4
917471 1136 1
153565 874 5
470325 146 5
332367 1120 2
340173 779 2
470325 510 5
465667 1094 5
774056 916 5
655886 177 6
209733 264 5
744520 734 3
282438 508 3
913046 1430 1
802843 1317 5
971548 810 3
141699 1232 4
952798 780 4
20964 70 1
506609 380 3
835926 1430 6
961701 4 3
123149 1080 4
81547 1294 4
190154 885 1
649381 678 4
675937 474 5
274759 1061 1
968511 1337 5
236644 128 1
676547 1016 4
801845 1220 4
455813 22 6
74836 158 2
347575 1170 4
26152 620 4
155738 1039 2
761046 1102 6
692060 1048 2
806995 1265 4
728101 1212 2
286353 1190 4
564942 343 1
20292 298 1
716714 45 4
838409 870 3
652049 939 6
502379 1286 4
263800 724 6
171661 1302 6
212195 1329 4
185045 1279 3
242555 312 1
64641 1299 5
267070 1191 1
736750 1075 3
141327 795 3
133176 4 3
662445 988 1
480706 167 1
522272 67 3
738362 1423 1
700089 387 1
831458 425 1
528615 1133 3
456126 571 4
802032 526 4
741246 1340 6
969545 999 6
959044 1184 1
669483 1049 1
206032 581 1
420052 1181 5
592575 1132 2
178739 160 6
773714 1055 2
517002 421 6
323143 550 1
414447 1064 6
36435 1043 3
621473 750 1
92090 583 6
678377 1186 3
638925 1104 6
370697 1376 4
852687 1145 5
962783 333 3
165912 698 5
723118 429 3
611834 900 6
663006 934 5
773864 750 5
933975 1132 1
559698 684 1
739929 730 6
902329 663 6
247835 1411 5
21935 324 2
351642 582 5
880411 907 2
495645 111 6
332411 737 4
330556 1416 1
500891 1170 2
503502 449 3
371980 1401 5
904901 1162 2
214597 1218 2
601188 653 2
885370 969 3
741091 563 3
522582 1402 3
36659 839 3
600804 1021 3
465136 1132 5
994145 1249 4
229095 1427 6
762798 925 5
440516 733 6
99791 1024 1
527716 250 2
198252 1440 1
986530 1295 3
265117 1174 5
714818 151 5
205748 626 4
948932 1296 2
399897 1262 5
932463 1232 2
41497 545 2
247509 1291 4
923969 1117 2
103303 1202 1
922979 1177 5
316811 773 6
204405 589 3
662154 1044 1
830419 1243 1
237679 748 1
32219 1172 1
838489 197 5
480706 484 1
621070 744 1
803818 1230 3
249198 1007 2
660388 141 3
515208 516 4
498564 100 2
327321 608 4
280597 14 2
601356 825 1
587516 855 1
765122 506 3
194081 887 1
28389 1326 3
94429 1429 6
878631 943 3
115050 1109 6
641595 1356 4
699448 504 1
875380 1097 3
999824 319 1
436567 395 6
13235 1107 3
383754 1382 3
835716 1127 5
754051 1285 1
797485 550 2
659503 1344 2
937539 785 3
384416 1365 2
724027 608 2
717372 1440 1
116084 206 2
410795 1226 6
675933 541 5
428626 1021 5
541170 1328 6
26150 986 4
731473 377 5
167867 807 5
389415 1194 2
249198 876 2
887346 1252 5
810031 1143 3
918609 680 1
460479 581 5
37414 38 2
42776 730 5
435783 1101 1
887859 712 5
39380 1348 1
541748 240 3
482275 160 3
181018 994 2
713508 759 4
82721 1276 3
322961 173 4
78432 259 6
353626 1169 1
935945 370 4
513234 542 6
588202 395 4
256784 1253 1
690985 591 6
115050 361 6
253652 756 3
21156 1381 5
937539 546 3
541850 871 1
737982 1172 1
276430 339 2
691503 547 6
144829 1123 6
112464 966 6
169399 77 5
566235 199 6
804199 108 6
285542 1436 3
384416 586 2
804829 783 1
185500 1322 3
447419 1345 5
54961 1177 4
4061 215 5
256488 1270 5
417946 467 5
256736 1395 5
872838 43 4
612178 852 3
923473 1197 6
816201 804 5
866845 610 6
784742 755 4
813192 322 2
777335 49 6
984478 917 5
45231 698 5
989994 1307 6
909715 1066 6
310974 636 4
824902 805 5
646728 1160 3
383076 1130 2
642502 1055 6
454935 1336 3
193712 500 2
287535 1127 1
923428 75 2
144841 452 2
662475 860 4
124453 740 4
235081 988 3
349935 239 3
859564 1130 6
399880 306 3
492800 301 5
657160 777 5
760203 634 1
749561 853 1
985623 1199 6
780127 703 2
77331 1314 2
566660 1051 4
501026 918 5
69798 917 6
462526 1187 5
608614 1332 4
920942 687 6
471717 65 6
227913 1079 3
287535 1398 1
477475 732 5
767850 1278 3
552420 1126 3
463731 1127 2
391432 1168 1
915686 911 3
464256 257 6
462244 222 1
984105 429 6
927865 489 1
204405 1035 3
91512 779 4
491723 1176 4
130692 1258 6
424903 1247 5
65007 1187 4
438038 769 4
463617 95 6
432450 681 1
863328 547 3
669670 565 6
552712 885 6
241907 1360 2
939842 1162 5
665834 506 5
216282 317 5
354478 1369 1
608614 652 4
846948 1270 5
876245 632 5
742520 263 4
603466 1095 3
203675 1206 6
784187 524 1
53858 108 4
465230 427 3
58950 381 4
593614 656 4
330329 1062 4
394919 998 5
149753 1429 3
957134 107 5
552642 1242 5
161404 1154 1
765842 229 5
258429 953 6
802375 583 1
311812 904 5
9160 632 4
643243 1075 5
411201 443 4
885892 358 6
802330 1350 3
401671 854 3
460175 630 2
594283 876 2
433391 930 5
874029 193 5
707684 546 2
544899 582 3
749561 39 1
272981 1352 3
263723 1289 2
518956 1261 1
997151 363 2
584512 569 2
184068 1176 2
186218 48 2
399501 1353 1
33131 1405 2
982189 874 6
760203 67 1
888778 1117 5
483349 1403 6
207234 16 2
215022 1119 5
6535 1183 2
837082 18 3
969545 712 6
139168 146 6
342707 572 3
497588 74 2
175595 1105 5
721536 886 5
810577 867 5
60687 1317 3
523445 605 6
645235 852 2
968090 1199 4
662445 915 1
649302 1366 4
773714 460 2
70184 222 3
816309 1307 1
172338 217 1
46664 700 1
791046 1255 2
655600 799 3
151679 1293 5
215790 497 2
396057 320 5
786802 51 3
232611 367 4
475434 1258 5
951044 287 2
395046 1266 3
188351 36 6
13496 388 1
162499 1092 4
568770 1214 3
266930 623 4
505293 1312 1
608516 1139 2
723243 449 2
366341 133 6
124217 1434 2
785212 1042 1
65188 288 6
793203 604 3
76667 758 1
585488 352 6
2810 568 3
745086 531 3
788206 956 3
326499 606 6
833679 600 6
126501 1216 6
753837 486 6
982347 622 4
682707 146 4
328885 1404 5
322611 781 6
68414 564 2
911771 1379 2
587642 889 3
659341 812 1
683104 166 5
859985 707 3
842901 758 4
199342 811 1
910965 1423 2
540930 637 5
366654 369 1
139168 863 6
11062 1385 2
816770 49 4
448622 1094 3
863842 1057 5
203675 977 6
354478 236 1
743640 1425 4
509262 797 4
586606 1010 4
231935 923 4
646027 911 2
282697 43 2
723535 1200 4
191085 161 2
229095 1256 6
869403 653 5
114343 112 2
743334 646 3
387045 584 1
461252 283 1
137854 865 1
104654 1272 2
82626 992 1
777881 659 1
244033 1044 1
288458 1434 6
895250 750 4
722547 1245 3
739637 1283 5
373247 889 5
503223 1350 5
376304 1401 6
194081 1311 1
135283 1431 3
205475 1417 3
618643 196 1
894752 857 6
588840 105 1
109619 1411 1
135230 1433 3
79583 59 6
276210 1427 4
396430 631 5
469503 1415 3
244183 691 5
186085 242 2
171661 858 6
314861 980 1
602244 1201 4
874201 1406 4
207734 884 4
274881 902 4
359656 402 6
52560 837 5
115829 778 1
149077 441 5
430339 1186 4
876972 1124 2
414447 231 6
551509 1101 6
975773 1404 6
395046 1026 3
945885 739 4
523577 791 3
239103 720 5
552470 1015 5
569873 1144 4
865651 1155 4
398586 1292 4
311561 1389 3
402543 402 1
853071 249 3
71319 1196 2
245582 1314 4
349937 1299 6
751891 953 2
603862 1302 1
7157 1287 5
515362 292 2
385112 1429 6
43772 879 6
905148 176 1
86053 1113 5
10015 271 4
439727 173 6
895188 971 4
153035 1181 3
607816 1183 5
275925 1085 6
184401 1169 6
840488 1289 5
895250 891 4
173462 972 6
771886 1394 6
241677 1311 3
969223 724 4
134769 1214 4
18311 553 5
811631 1394 1
633833 1060 1
420650 834 2
346264 1101 5
26429 1430 3
754799 1127 5
641947 599 2
561556 80 3
773354 1302 4
495645 1279 6
394262 1334 3
791755 1133 5
151370 884 6
718273 1246 1
522272 37 3
774975 1426 6
736191 1406 5
849131 1394 5
7175 1126 3
806306 836 3
127804 62 2
696565 877 4
767937 1185 5
923642 719 2
887675 1083 3
52976 854 2
290749 985 6
818223 1346 3
801912 772 5
400340 1415 6
141142 1375 3
625322 595 4
898566 342 6
462218 1370 6
422380 1293 6
283088 1274 4
309578 257 5
422380 1345 6
954347 650 1
993136 1087 4
89951 290 3
163687 989 5
253583 1262 6
13368 1 3
650002 1263 3
560763 920 5
559388 1212 1
859561 1206 4
485509 274 4
157186 306 5
605636 334 3
773815 848 2
620825 1154 2
413141 424 1
125857 1251 2
377731 1430 2
245600 782 3
878141 1405 5
242023 1244 6
676969 840 2
480976 967 6
506680 1084 4
16680 183 6
103221 1152 1
741811 908 6
894786 1047 2
528880 861 2
429729 1152 1
690145 1336 5
544539 1077 2
247679 116 4
976553 917 5
407891 761 1
36600 1239 3
486367 1392 5
918609 368 1
576963 1172 4
460143 982 4
378795 940 4
525135 1304 1
195596 1411 1
474684 1398 3
767937 1054 5
258004 985 6
254477 1043 3
104357 990 2
418056 686 3
935837 1291 2
524155 1421 5
959868 1384 5
85850 539 4
669483 924 1
236097 137 1
581645 285 5
518956 1348 1
62459 756 6
229359 771 5
600607 1328 5
582208 1233 6
656220 1401 3
689206 1412 5
836377 1003 6
484697 790 6
520589 91 2
839102 1195 6
751014 1372 2
214353 1100 1
486164 1426 6
205754 540 3
771385 534 4
253583 1110 6
784027 1294 2
940692 1348 2
602987 1260 6
890150 1357 5
700089 635 1
495398 901 3
83490 874 6
285299 320 1
192769 1437 5
243907 1394 5
363466 748 6
952575 1369 3
430339 542 4
521050 274 6
476264 799 4
364557 1392 1
942709 25 1
797993 179 4
887675 315 3
928266 330 3
441957 1062 5
989518 1247 2
413141 1146 1
821948 1327 3
462218 910 6
186218 293 2
912821 1165 2
254062 1181 2
629375 761 4
13235 995 3
229431 209 3
482899 928 4
565115 1248 2
238489 1413 5
873671 500 1
398844 1226 4
903009 930 6
36600 425 3
176061 1206 6
971977 1340 5
62217 1428 2
725947 153 5
36955 52 4
765847 981 6
135822 723 4
512056 880 1
731196 1282 5
210690 411 3
21071 877 4
109902 1287 5
329090 221 2
152954 837 6
491723 1038 4
291073 74 2
628575 1251 5
643398 1359 2
667003 1284 2
280679 1422 3
228074 58 5
752696 906 5
787595 1429 4
54543 467 3
397742 1266 4
422989 1233 5
754557 529 2
333899 1145 1
904745 1372 1
957134 303 5
322611 1065 6
483349 884 6
252859 544 4
495431 1154 2
43622 242 6
944417 1422 3
774056 1364 5
713843 721 6
301377 1271 2
759497 661 3
384903 1293 3
930944 996 1
70869 1309 1
948412 887 1
767289 119 5
847937 592 2
953887 1115 4
814971 1253 1
906026 1051 2
13197 921 6
541170 998 6
519145 932 5
957058 1200 5
314084 58 5
960099 901 3
501166 823 2
777942 1275 5
623491 1041 5
649199 1433 2
439993 166 3
351217 400 6
420052 1421 5
527716 1399 2
551509 1426 6
496044 1036 5
336549 923 3
251189 1012 6
197425 1001 5
757803 344 2
515362 1081 2
319342 1204 4
944227 1437 2
933956 1325 5
668518 38 1
802375 1034 1
477475 989 5
137854 1069 1
432450 1227 1
467975 1025 2
546910 1366 5
144829 391 6
349935 878 3
422173 673 2
328677 896 5
932021 1100 1
798466 1002 5
573318 1042 3
495930 1151 4
241049 208 5
867050 500 1
105769 1098 3
986686 1090 2
615405 1188 2
987716 296 1
811411 875 4
576926 238 2
433335 569 3
67400 1087 2
55732 1387 3
983395 1400 3
36239 688 6
638290 942 2
419655 848 2
894757 948 5
496787 1344 3
82656 1423 3
278739 1349 3
553477 992 5
291334 1388 5
985708 1339 2
527149 1403 1
324098 1365 5
591211 1047 3
234201 708 1
900982 841 1
626744 1133 1
412416 1402 4
965164 1123 5
136036 1192 5
928266 371 3
741409 1404 1
691126 815 3
968638 1304 3
826839 339 1
458642 1347 1
180846 1306 3
273318 436 3
774967 1067 3
389287 1413 1
828375 690 5
215790 104 2
656112 1432 3
287744 1283 3
193463 1423 4
468460 489 1
233234 1059 4
723641 436 6
241312 785 4
46950 1184 6
153773 1376 4
577851 360 6
302245 1310 1
44543 755 2
471761 714 3
185285 382 6
833041 1036 5
527864 393 4
158352 1425 5
342064 1353 5
405475 1175 1
788490 1322 3
620632 400 1
815757 1385 5
391251 1167 5
183317 698 3
702255 1103 2
145251 1349 4
865533 600 5
979725 1281 3
996298 1164 1
599209 256 4
934172 797 5
247509 560 4
551605 1223 2
801298 1356 2
667927 1440 3
532644 1279 6
14570 1019 5
366341 36 6
548838 458 1
65141 976 1
530882 1100 3
34448 1355 2
736036 988 6
678377 1124 3
241593 917 1
333289 406 3
819556 1048 2
706773 794 2
193712 410 2
822181 1395 5
186514 1255 4
182290 1420 5
986686 775 2
285299 1334 1
84987 679 2
894752 1071 6
230823 1226 3
316752 1363 6
419983 1340 1
149091 996 1
592575 810 2
175243 449 6
562685 1311 3
153565 1406 5
121484 692 5
426946 1209 6
742034 206 2
296016 1357 2
131417 1279 1
366291 1073 3
553362 204 2
210924 1314 3
614931 532 4
463723 190 1
442312 1438 2
686221 1084 3
621554 1192 4
384903 1384 3
37806 1220 3
964365 327 4
393300 1140 6
97541 1109 3
304536 1209 4
370087 991 5
541653 1006 2
21903 1402 5
173952 336 6
532644 1378 6
85229 493 3
976336 1222 5
912591 691 4
227913 573 3
242162 1323 4
521781 1320 6
33739 1434 3
638105 212 6
341992 860 4
765122 707 3
704548 1222 1
387731 941 1
78432 1054 6
741811 386 6
523518 1394 4
760173 390 2
278319 1065 5
648076 1397 6
683542 597 3
123492 1055 4
565712 1431 1
551175 541 3
45700 921 1
696588 935 4
373028 1218 3
124146 582 6
478969 52 5
741121 537 2
306951 335 5
141883 1160 2
271944 204 2
385808 684 6
725290 1411 4
808674 1208 6
461252 921 1
507160 1310 4
701377 1205 5
141622 876 5
863867 1242 6
124146 913 6
35819 1159 6
499922 985 4
303997 926 5
929159 269 3
547377 49 5
570232 831 4
946452 471 5
813458 10 4
124453 132 4
800292 1186 6
191261 1024 2
979230 1306 2
672046 134 3
447515 521 1
70789 1163 4
419686 1014 6
135889 1217 5
587642 1173 3
139446 1360 1
874374 337 4
518057 541 2
189582 845 2
221933 54 2
818354 775 2
355049 1240 6
622405 810 6
359331 1308 1
593932 1131 4
793816 978 5
372267 996 1
185045 1350 3
492329 1424 6
642502 1362 6
792062 772 5
372599 695 2
975773 885 6
979725 599 3
960707 1038 4
728890 1353 2
383189 133 1
960707 834 4
482899 20 4
36359 1283 6
628575 551 5
447493 199 1
841446 382 2
774244 1324 4
684911 369 4
855475 417 3
757739 1321 4
257518 945 5
446501 324 6
824273 92 4
978566 800 2
831001 315 2
826839 523 1
764335 1395 6
971977 794 5
11731 990 5
23967 1218 6
189582 6 2
596420 1144 5
585993 197 4
269424 850 6
518057 921 2
896950 1395 2
196115 1257 1
521225 457 4
928479 90 5
87148 654 3
246790 1071 5
948932 715 2
324839 1342 2
125093 587 4
461658 600 3
693679 1387 1
875480 1202 1
898507 882 3
373125 790 6
601366 911 5
841267 1165 2
758299 1416 6
585981 759 1
672693 230 6
331525 775 2
50693 483 4
427045 1283 5
523577 722 3
478670 1179 4
2783 1149 1
531669 1392 4
13368 902 3
416317 609 1
60233 933 1
143862 244 3
639533 808 1
833877 1371 6
712331 1127 5
585488 1162 6
898566 250 6
859823 655 6
825175 1151 2
776327 1433 6
51021 1435 6
998528 459 3
359475 1148 2
340901 1397 5
314096 446 6
139306 734 6
353061 697 1
169158 578 2
55145 1413 1
495431 1235 2
167179 1149 4
270795 1087 2
648390 1183 5
138303 581 6
248847 900 6
214963 1402 1
502501 1235 1
215290 47 4
134413 1202 2
532118 1087 6
184786 65 5
481194 305 2
380941 1187 1
48206 339 6
761528 1395 5
627238 1142 2
378221 1275 4
492800 338 5
587732 933 2
331797 1167 2
853071 812 3
364609 1180 3
474684 1430 3
122401 786 6
997151 564 2
346603 988 5
772336 1261 1
355049 1370 6
806810 1177 2
436540 1025 5
845115 1062 5
166005 183 2
841546 1283 5
214986 814 3
229165 1410 4
45116 1096 2
752696 1077 5
263248 1221 4
969172 1249 5
443302 429 2
790515 1059 2
693679 999 1
776385 788 4
743234 854 6
185285 889 6
305980 277 2
680153 527 5
804199 2 6
88053 1226 6
865533 1266 5
951629 1175 3
289238 656 6
381275 1279 5
553477 489 5
45231 135 5
245582 195 4
186514 1400 4
730123 898 2
74836 1153 2
833289 34 6
497111 1381 4
974698 140 2
334858 211 4
720385 96 5
222354 262 1
25371 1439 2
802967 1428 3
987175 1221 3
909543 865 3
122401 1287 6
332483 1053 2
233234 357 4
650794 749 2
611621 716 4
439727 539 6
847899 722 1
654177 1063 5
238143 615 2
916748 1257 5
25120 1297 5
430922 1299 3
874201 1049 4
933975 365 1
683137 1008 6
64944 927 6
330329 115 4
261429 998 3
539719 705 4
894328 1168 4
964206 518 2
707782 1420 4
815812 480 1
259235 771 6
405105 851 5
384439 385 5
422173 563 2
333899 606 1
359331 1129 1
52976 248 2
518165 1093 4
181416 1363 4
188806 1074 6
688452 586 6
158654 1165 4
702776 1190 2
636369 515 2
440516 769 6
464463 1299 5
398554 547 6
747942 1404 3
266702 894 4
984775 761 5
451952 1034 3
60687 1371 3
241049 270 5
28389 1203 3
654094 391 3
291880 846 6
24783 488 3
258687 1316 1
411134 1263 1
986254 1197 1
600607 980 5
382142 897 4
490879 1037 5
69798 1339 6
37280 896 3
54584 1397 2
796268 1094 4
828037 633 2
224259 138 5
352672 1347 6
648092 308 5
494018 43 5
480867 606 3
507937 52 5
228523 628 1
482723 978 4
75618 463 3
465733 800 4
120368 1106 3
796440 1270 1
538281 1353 3
145556 455 5
746228 179 2
852530 997 1
418625 555 4
817444 181 6
775304 767 6
456620 875 4
788490 836 3
714498 504 2
737502 1391 2
104357 227 2
785212 1201 1
652190 818 5
744377 203 5
381275 1342 5
195899 1056 3
554687 982 5
269114 1207 2
559388 1268 1
414063 726 5
929974 287 3
461658 986 3
764133 1133 3
963536 1113 1
159785 1330 2
910965 1393 2
666740 321 4
411647 1371 3
215279 912 3
36359 1090 6
958686 1078 5
778669 862 3
12845 1056 6
511696 993 4
608516 526 2
317028 1289 1
805851 911 1
383283 729 5
568886 1202 1
743972 674 3
83490 1190 6
75668 1160 3
137476 447 3
959044 1248 1
972521 1376 5
216762 770 3
628289 1208 3
25516 1411 5
180846 1345 3
134862 456 6
825175 1332 2
439557 1328 4
311016 478 1
959868 1267 5
336141 700 6
962371 1008 4
472037 1223 6
434609 1096 1
253703 1042 1
284095 1294 4
982946 537 4
902107 405 3
59027 1000 6
82110 490 6
272981 55 3
755125 1134 6
609109 1412 6
668872 1175 5
786226 1342 6
142630 526 3
36659 1131 3
754557 1017 2
856256 1067 1
89245 917 2
664925 1136 6
299302 1309 2
227100 479 3
347050 624 4
199940 1431 5
834062 1413 1
527878 231 3
826719 899 2
554617 160 3
760304 1228 6
662558 557 3
228459 424 5
522640 557 4
460721 447 1
283254 888 4
833289 697 6
909447 1302 2
810824 729 1
536903 1388 3
220937 523 6
363684 706 1
826664 1108 5
907044 1141 1
116812 611 1
557945 137 1
610477 245 6
286305 988 4
931693 1427 1
496381 878 5
487501 239 6
729857 1184 2
429292 1258 1
243879 619 5
625968 570 6
279672 284 3
393829 1205 4
826719 1189 2
622431 1206 6
655600 1126 3
920390 1184 2
447432 645 2
642831 895 5
240649 21 4
199342 1313 1
929248 1099 4
968090 1245 4
896761 1381 3
649518 398 1
944721 1350 2
549520 773 4
141403 998 4
209234 55 4
123930 9 1
806995 812 4
896950 1343 2
810449 1353 4
777335 1048 6
381408 1203 6
515306 556 2
575076 377 2
348820 1415 2
505293 862 1
193463 1370 4
597520 720 1
981631 1138 2
113622 1020 2
51855 950 1
554687 1079 5
585981 598 1
670144 602 5
203497 219 6
901296 719 2
621769 1336 1
362119 1204 1
75460 586 4
680868 251 2
987558 1425 1
593150 1191 1
483988 808 4
951044 559 2
972669 35 3
561556 323 3
744520 416 3
254062 930 2
923473 1021 6
354866 1049 3
424925 1351 4
771389 1315 6
432438 923 6
820220 899 6
359527 899 1
319364 730 2
485136 414 5
733478 586 5
837797 1199 5
567923 1440 1
518767 238 1
363684 1075 1
799493 514 5
958775 1021 3
780724 991 1
859823 1165 6
784027 1057 2
94810 1018 4
7344 1381 1
37835 1344 1
485136 928 5
329570 1192 2
517167 590 1
247068 930 4
818223 62 3
330556 325 1
468906 716 4
3561 753 5
394262 1248 3
26059 1365 6
359698 813 3
398554 1252 6
679028 716 1
609361 800 3
538460 1237 3
758299 1324 6
290640 895 4
32219 983 1
137569 857 5
964967 1390 3
57806 1150 2
214986 1199 3
771385 1378 4
432950 1326 3
556017 1242 3
118168 1298 1
637593 1120 1
282853 1341 3
24467 90 4
536209 1207 2
634671 1336 1
449609 969 4
359527 1414 1
859561 1274 4
815355 882 3
630576 707 6
127804 311 2
578393 727 2
463617 177 6
829275 1336 4
80830 307 3
147034 994 4
909167 1175 5
238653 1396 4
351186 1330 2
495930 378 4
334958 1280 4
488073 251 2
641947 202 2
367467 455 5
287925 1428 4
549006 1341 5
769375 444 3
586151 1383 4
467618 1371 6
297760 860 2
608697 244 6
785659 338 4
820220 1154 6
864603 936 1
668773 782 6
491591 1400 1
718273 802 1
340261 1085 4
383394 652 4
555294 117 5
143819 58 4
829423 435 5
938709 1081 5
294178 1381 4
742269 311 6
175418 1433 1
972521 569 5
110153 602 5
476044 1088 1
609694 1152 2
804485 172 5
393829 2 4
563593 973 5
835926 1387 6
329370 210 3
778548 1114 5
476142 1440 2
495087 1415 5
185500 1060 3
616306 537 2
815355 433 3
792062 911 5
570626 273 6
693801 366 1
246790 1204 5
460452 100 1
504434 1155 4
995921 637 4
929159 753 3
220 160 6
283766 502 2
996637 1187 1
189657 26 3
961316 44 1
964206 1409 2
587980 1286 1
454794 1263 6
971264 782 3
574645 571 5
725895 662 4
398804 1089 3
458642 1251 1
577373 259 4
347591 913 3
133668 1258 6
394032 1383 6
546503 875 3
305210 198 5
706397 894 5
393300 1270 6
70184 821 3
410587 1166 2
322338 1134 3
385657 661 2
454348 1006 5
320553 1208 5
673302 513 6
679115 1428 3
675916 655 4
499246 577 5
843651 432 3
954328 635 5
71319 1265 2
228459 676 5
101420 639 2
534218 515 3
549363 280 4
837117 1340 4
855475 11 3
334958 1377 4
200174 1158 1
517545 533 1
933921 1169 2
702850 1253 4
548531 980 1
572299 1276 4
838962 1326 6
191105 1384 6
47052 524 6
976351 1203 5
84979 1268 4
2441 1183 6
947202 724 6
450882 580 5
416751 719 1
712221 356 1
887579 674 6
778669 756 3
330259 322 6
318219 437 3
622513 1023 5
286261 306 2
908359 1423 6
946343 940 2
767941 1063 5
536209 1074 2
431706 730 1
475434 1299 5
5931 312 4
971973 344 2
516763 1359 2
802843 1401 5
738225 1164 5
614931 1381 4
499922 628 4
699622 996 3
327636 1379 2
576557 1174 6
200966 614 6
235908 68 1
216762 535 3
539719 962 4
762377 1295 4
288265 1317 5
550556 1026 2
550257 834 6
430922 1166 3
41973 275 1
872273 190 6
854829 1178 6
215022 1085 5
415819 1022 3
939437 1375 1
341435 1182 1
29849 493 3
81125 1361 5
519014 1343 4
999063 1008 5
29175 19 4
432950 321 3
413899 1404 4
114408 255 3
463497 264 2
382142 1098 4
627744 922 1
928276 1111 5
853061 436 2
2949 1395 3
982039 964 3
443302 70 2
715432 1107 1
109967 1417 4
101303 760 1
415819 129 3
409529 1349 2
995921 1084 4
340261 948 4
953800 268 1
119068 962 3
24783 904 3
567880 1314 3
568886 432 1
331797 1349 2
552903 1258 6
809317 1011 3
279939 1284 3
21156 1074 5
97765 1432 3
959531 1231 1
303997 601 5
22829 871 6
55829 1305 5
327321 1212 4
538460 142 3
504421 1160 2
980564 396 1
304877 356 1
139187 1081 1
944097 1065 6
776327 1337 6
306593 717 4
370510 1325 2
506009 587 3
50561 1421 5
491819 112 1
495407 348 2
594606 610 3
436567 868 6
787556 627 1
227479 1357 3
779558 910 1
482707 822 4
936500 1112 3
498540 1282 5
233412 481 3
576210 1295 2
193195 1188 1
713141 854 6
103221 558 1
36827 735 2
765019 1334 3
51710 1436 4
303989 593 4
930944 904 1
760955 1232 2
409809 896 6
205609 1426 3
137339 1399 5
134862 418 6
982189 1186 6
143819 662 4
477159 41 6
330243 402 2
84979 1410 4
86053 1213 5
197687 1283 6
508025 52 6
149 816 6
756914 380 3
288848 1347 5
397276 1271 4
345307 1344 6
396430 231 5
825626 371 4
329090 182 2
405660 875 4
656895 1145 2
531256 758 6
642831 1102 5
833041 219 5
54584 1314 2
784742 1341 4
641720 806 1
706397 1002 5
896761 1419 3
650137 1273 2
269114 250 2
854829 842 6
193930 1196 5
635571 910 1
924472 1223 4
416973 424 5
920998 730 1
137658 144 4
43622 781 6
491819 778 1
691126 735 3
83539 884 3
495763 508 3
698452 897 2
99440 1247 3
34214 1254 6
974698 1348 2
98437 511 4
938058 1375 6
674633 725 2
99791 620 1
814478 99 4
108458 1045 1
34448 819 2
737166 270 3
23482 895 4
207156 898 5
826664 1194 5
601315 1012 4
932021 874 1
869732 921 5
141141 269 2
259958 505 5
184068 1052 2
197116 964 2
635196 637 5
9160 1364 4
26150 1433 4
13922 1149 1
425558 804 3
498764 1140 5
401671 13 3
680592 72 6
251793 1176 5
423593 1205 6
952671 392 5
591329 692 6
387045 452 1
594283 1163 2
183492 67 4
326136 1264 3
426045 797 4
410972 1284 6
22351 337 3
86446 788 3
340173 1352 2
670357 1328 1
609617 940 5
965487 999 6
229359 1440 5
852818 1115 1
3534 1178 3
819484 1352 1
716041 1015 1
322338 941 3
969223 526 4
443025 154 6
901004 1335 1
780724 358 1
736052 526 5
304216 598 6
91611 949 2
347575 1 4
396672 1246 5
682707 445 4
926769 857 4
81547 1154 4
531443 1255 5
326580 1417 6
242023 1046 6
222007 630 1
256861 1309 4
978228 525 4
908005 812 1
425717 1413 5
697181 1115 1
193930 190 5
975681 312 4
701431 1226 5
502648 319 6
318674 1190 4
579898 1394 1
605919 656 1
361096 868 6
386662 1434 1
523518 1314 4
274207 635 5
979810 850 1
964503 982 4
841446 89 2
381374 678 4
623070 1392 2
429008 1266 1
519014 1422 4
662475 357 4
921099 868 5
960760 1309 6
656617 1149 5
836356 140 5
969942 873 2
139799 249 5
587516 1053 1
452968 288 4
981631 818 2
870055 436 2
655301 1352 1
399987 88 1
273520 1321 4
695063 425 6
779393 1025 4
962530 1438 3
259958 938 5
657434 1287 5
37806 1041 3
214963 516 1
885370 301 3
467087 1310 6
832099 1285 2
719760 326 6
468640 451 4
822970 1374 4
667952 1309 2
309421 1048 1
699622 867 3
502538 1226 5
765847 1337 6
79920 1157 3
366654 1118 1
359475 651 2
890287 659 3
561230 1403 1
251201 1074 4
980564 172 1
11703 885 1
209743 218 2
670633 1278 4
667927 1354 3
374237 1087 1
496044 1338 5
828094 477 2
368198 1351 4
968977 1092 3
798466 10 5
276541 967 6
588539 669 4
39345 795 1
135130 921 6
776278 635 4
2499 973 6
626518 543 1
548362 434 6
463731 1202 2
383189 332 1
723641 31 6
808674 997 6
939437 1415 1
883768 432 1
468431 814 2
907367 1093 5
306079 286 6
606068 1410 3
965694 1273 2
418625 679 4
380358 24 1
175648 1265 1
39972 787 2
447387 666 4
411201 849 4
550552 33 3
862678 1436 4
36827 137 2
161905 1174 4
652575 363 3
145749 4 2
48206 764 6
371911 363 1
65445 1211 4
971591 794 1
24467 276 4
817043 887 4
53604 862 1
758987 804 5
54543 640 3
502379 430 4
135889 515 5
282456 1035 3
480976 695 6
937847 102 6
584475 1400 6
105769 1277 3
828881 1430 1
774975 1106 6
316173 891 1
594332 181 4
319801 1316 2
45116 1021 2
773390 741 6
965694 1399 2
586896 216 1
667816 942 6
451198 1054 4
180476 983 5
565849 1134 4
953800 1276 1
261408 1401 2
831669 205 1
657095 1063 1
368198 378 4
294051 961 1
483095 1338 1
600315 771 2
572299 1435 4
451952 973 3
260833 1400 3
403408 869 1
923428 923 2
640568 451 2
516152 1203 3
422989 783 5
118168 1157 1
345307 1237 6
238143 387 2
762798 1271 5
973531 1212 1
428075 163 1
965164 1230 5
902107 1411 3
793816 1261 5
960099 1325 3
487501 1431 6
945263 1345 2
280597 972 2
55044 983 4
781137 1143 4
277082 1432 5
515208 1141 4
230796 620 3
454935 174 3
440697 1435 2
553362 686 2
640568 1128 2
280679 1257 3
853190 1044 6
686781 747 5
344813 89 4
797993 722 4
756914 1083 3
124512 1306 5
762091 714 6
620030 1031 1
536903 1435 3
86409 1338 5
499057 1357 3
465977 461 6
43516 819 4
936753 1440 4
856500 1040 3
730273 148 6
230823 992 3
523489 1424 1
670784 894 6
48188 28 4
686421 987 4
847937 1429 2
461018 1093 3
670784 1374 6
908005 1387 1
157186 681 5
518429 1142 4
441747 267 3
972669 262 3
465977 992 6
397858 369 5
825626 263 4
460340 898 6
93226 1364 5
191105 1351 6
44687 1352 1
941702 1428 6
28251 1362 6
130064 1006 4
302748 959 4
804616 1430 4
57806 246 2
402543 1098 1
193237 1367 4
796440 1378 1
879202 790 3
146562 1226 5
6780 1387 2
514009 657 5
856649 1292 2
11246 1221 5
378670 833 5
384498 929 2
801059 635 4
971973 721 2
306593 1270 4
634373 370 3
287744 1362 3
521050 667 6
495763 1153 3
369702 1293 4
544689 1305 6
205475 894 3
269871 723 5
511670 1262 2
556017 1272 3
326499 1223 6
804829 327 1
528277 227 6
469267 560 1
194157 142 6
696071 559 6
824646 1322 5
78757 888 3
570626 219 6
605152 1047 1
35091 514 1
286260 1400 1
652269 724 5
325018 229 5
944817 1112 2
256107 1374 3
378670 1005 5
219944 1437 2
247679 909 4
336549 1237 3
210924 374 3
177547 589 2
718119 11 6
443069 89 3
764686 1422 3
645785 362 4
59237 37 1
995222 1006 2
925277 1197 2
278265 1354 4
210676 401 2
759497 1041 3
199210 1298 5
562216 379 3
437477 1268 5
522287 341 2
423593 1303 6
944081 1438 4
224259 913 5
173813 734 2
381868 305 3
11197 832 1
560763 600 5
800357 873 5
648718 1353 2
398732 1139 6
360764 546 2
513234 427 6
758420 1152 5
411647 758 3
643127 744 1
465230 515 3
339488 1316 6
683670 966 4
172338 824 1
636369 174 2
593987 1371 2
668773 497 6
345698 518 2
215279 805 3
111150 1230 3
418056 915 3
258687 441 1
161698 688 1
692830 697 6
477159 1134 6
219944 1397 2
851110 1323 4
21071 1146 4
279749 1432 5
743334 1212 3
79583 1290 6
6780 957 2
852687 756 5
144841 606 2
888885 1141 1
318647 984 3
799787 840 4
482304 1391 2
264429 989 3
755577 905 2
838962 1360 6
468431 920 2
424255 588 1
663006 361 5
506952 228 3
580392 1042 6
716714 1277 4
15393 766 3
691385 459 5
660510 854 1
455598 1016 4
448622 1166 3
171272 1062 5
94991 1297 4
989033 1323 3
74464 1171 5
125857 1433 2
742520 1382 4
60233 1194 1
442609 760 4
151475 797 2
670144 715 5
222354 1171 1
301119 534 3
794996 1294 6
230675 1142 3
321660 1367 6
318150 1195 5
619871 1176 2
314014 894 4
708483 554 6
490815 1184 4
97677 826 6
720740 1251 6
417918 1158 4
485509 501 4
322961 1309 4
675022 1243 6
903543 1410 5
186827 968 3
363052 637 6
666453 1209 3
718016 1298 5
391432 843 1
267630 1309 6
813458 539 4
839203 1047 6
752860 768 6
228513 1079 4
805753 1068 1
419655 1239 2
683762 318 5
958763 799 6
362361 1301 1
209743 1024 2
626987 995 2
823824 1429 2
958825 956 4
784310 1031 5
902534 1349 2
552642 785 5
826795 968 6
291856 416 1
273275 1383 3
777942 1390 5
261586 896 6
659503 188 2
406249 1331 5
282283 728 3
791046 849 2
411463 515 5
737166 936 3
143862 423 3
171472 612 2
910085 1335 6
600804 27 3
177254 316 3
261429 743 3
643243 305 5
69197 1242 6
135230 637 3
933896 996 6
62459 1064 6
323190 1050 2
113622 1205 2
171272 1267 5
632285 1141 5
354324 463 2
13496 221 1
16680 885 6
371144 912 2
226220 1415 1
290640 814 4
767196 163 2
83643 1416 1
520589 866 2
151370 941 6
723243 282 2
372267 942 1
193237 1271 4
377731 1390 2
482304 1318 2
976553 444 5
115935 1394 2
532323 1215 2
461541 835 6
715600 404 4
726549 1233 6
370669 834 4
11197 673 1
846945 1329 2
994813 1090 3
244183 606 5
318626 922 2
668181 139 3
2810 876 3
158078 577 1
274881 333 4
931411 843 5
197793 1422 5
281729 1154 2
423088 327 2
54896 1265 2
800623 721 6
479899 1123 2
454518 1321 1
793745 234 4
417422 420 6
909661 1433 5
146723 1425 2
879553 787 6
158654 114 4
228970 188 6
819556 1111 2
833332 850 4
690145 822 5
884415 423 5
279939 1382 3
493833 1002 1
308001 633 4
677159 232 1
626744 1190 1
707761 495 2
597586 292 2
995494 304 5
21605 1240 2
93943 1067 3
660769 808 2
814259 1341 6
24103 890 2
504421 622 2
420256 1269 3
456612 140 6
834894 677 3
247835 1307 5
969295 631 5
190549 1394 4
929974 1165 3
636207 438 6
472037 1403 6
985623 1011 6
741413 962 5
364557 1194 1
760304 1116 6
820233 1094 3
717469 938 4
498540 1402 5
128643 28 5
10384 1214 2
221055 1040 6
507329 1386 5
576906 643 1
622926 1367 3
342064 430 5
520377 411 3
554532 85 1
305097 1105 5
425874 1050 6
128379 436 1
68414 772 2
175590 1439 6
380670 1185 3
791742 1175 3
169470 350 1
443025 20 6
51422 967 1
920290 1066 6
13634 1272 2
785841 817 2
923969 910 2
886251 203 3
12845 823 6
82110 998 6
726554 1391 6
812719 719 5
978921 1419 5
456620 171 4
893622 1319 5
309578 562 5
282438 1409 3
676141 1303 6
938255 751 5
975931 1024 3
684679 1391 6
755125 1346 6
40449 934 3
594332 1161 4
599989 1322 2
488983 1200 4
695063 32 6
802865 1316 3
718080 943 1
10015 996 4
857623 587 6
992666 743 1
679394 835 6
790917 789 4
49324 845 3
916341 613 2
81480 875 6
602897 14 6
566660 122 4
235908 1180 1
501255 427 5
272618 1208 2
321660 1433 6
454474 478 4
289686 1430 5
960760 1260 6
650301 1281 2
391146 1233 6
813192 1140 2
156146 73 1
832189 1291 1
818131 1378 6
225824 309 2
828094 980 2
420650 441 2
334858 708 4
281983 1127 3
272306 1427 1
556176 904 3
376304 1073 6
668828 1399 2
89951 481 3
607850 93 3
115935 1036 2
879140 1324 5
885197 229 5
667003 1237 2
451551 1150 3
410172 1123 2
220 122 6
216282 652 5
792760 162 4
621070 1224 1
256375 663 6
291065 1198 6
784195 1434 1
93943 636 3
141765 1382 4
149994 603 1
139799 1016 5
270795 1049 2
743720 488 4
338144 1350 6
904068 265 4
409452 1271 1
531386 1116 3
502538 159 5
101303 989 1
59808 836 1
622806 1375 1
169158 1250 2
621554 600 4
282697 1355 2
520377 1060 3
36435 1008 3
469265 361 4
256649 1438 1
839916 1055 5
296799 1406 3
112060 551 5
680153 1079 5
367916 925 4
59027 1369 6
529815 957 6
380358 406 1
300790 1047 3
210690 257 3
13420 683 2
939049 1159 1
609617 1430 5
269613 1176 3
882879 1065 6
182163 190 1
223151 336 2
267070 287 1
645785 709 4
933658 759 4
812893 717 3
871170 1236 2
757142 629 2
926611 989 4
696588 666 4
59237 1171 1
286842 1005 5
402080 903 6
787132 1275 4
544560 14 6
952311 434 3
849566 888 2
948412 1275 1
756485 548 3
645086 768 3
520375 166 6
433180 353 5
145090 391 4
136929 1061 4
58950 500 4
261934 1064 6
114408 347 3
805970 879 2
527864 1021 4
465129 330 2
731077 125 1
440036 1119 2
705415 1208 2
254351 1313 5
602244 623 4
953627 891 4
391251 1271 5
933537 1251 3
228513 886 4
764686 995 3
549467 1079 2
766341 1131 4
775581 1114 1
684679 1424 6
328677 975 5
913046 1325 1
890287 351 3
719801 1091 1
10384 1345 2
706644 619 4
24697 1201 4
468709 1014 2
179639 455 6
854959 1378 5
572971 954 4
850608 476 1
868963 711 2
774706 135 2
767850 435 3
446151 1109 6
535576 291 6
429729 1353 1
442609 226 4
633025 922 5
350562 604 4
493617 219 2
576210 1431 2
354469 202 6
878631 380 3
265771 1284 5
257867 890 6
244033 1093 1
429248 860 4
676820 851 5
34624 581 4
899661 1201 2
283775 1431 5
917131 487 3
855410 300 6
367211 1362 2
765505 1238 1
500816 1070 4
386662 981 1
909457 1231 5
889378 1160 1
81479 978 2
775929 1002 5
268615 249 3
590080 1084 5
731261 461 3
800166 604 5
775304 400 6
462526 1218 5
793906 760 1
447196 855 1
878944 83 4
460175 1428 2
870322 1018 4
655284 1288 2
701803 611 5
383644 576 1
695426 1316 1
460340 769 6
532377 1276 3
473643 17 1
161905 1139 4
793035 833 2
713768 275 5
873671 442 1
77331 1101 2
972758 156 5
240649 1426 4
822607 871 5
973176 1422 1
15678 1088 2
158078 1215 1
199190 954 4
772755 1423 1
295728 878 6
845141 1399 1
557945 434 1
756485 645 3
357395 968 6
265900 1119 6
359535 1299 6
125276 687 6
534303 1028 2
552420 761 3
716354 1369 5
646027 1158 2
309613 1242 4
952798 31 4
943068 386 3
180476 1117 5
922979 1092 5
113702 884 5
767763 1369 6
427592 1190 1
901463 1190 5
769375 53 3
167054 588 6
887346 1318 5
424036 721 6
891796 727 4
74554 377 4
167179 1384 4
28174 1139 1
496977 1078 3
484595 24 5
778548 561 5
831421 1295 3
891980 1009 2
990391 736 1
513444 1360 4
183938 34 3
359230 1024 2
26152 534 4
866845 1390 6
433391 1239 5
544884 832 2
938923 183 6
806494 1363 2
984914 643 1
406969 325 3
409032 717 2
123930 1139 1
398804 845 3
855410 137 6
375442 1439 3
902146 1263 2
762594 1437 2
858777 1430 1
149994 692 1
589422 1178 2
513680 1433 2
232631 1407 1
743640 1393 4
468144 1215 3
929248 1252 4
822970 724 4
805851 1391 1
65907 1303 1
691385 901 5
643168 742 4
638105 1195 6
660769 623 2
767318 561 6
442312 1238 2
696565 509 4
306079 814 6
494122 939 3
743234 790 6
912821 1038 2
109967 584 4
686421 1309 4
371911 14 1
521781 1394 6
82098 550 6
971548 1153 3
103784 1182 2
725933 1196 5
942080 1359 4
720740 1287 6
933896 758 6
550556 519 2
615745 249 1
24128 941 4
994813 1053 3
884978 533 4
75762 1326 5
674273 1052 2
464969 1216 5
321522 1289 4
879553 45 6
322367 1188 1
767859 1433 4
394919 638 5
105480 1070 5
606683 1353 4
859564 1013 6
671128 102 2
203152 1042 6
449904 979 1
141699 1277 4
296799 1365 3
286261 253 2
93226 308 5
937847 424 6
296028 1254 4
184750 492 1
184786 814 5
469503 960 3
404172 1325 2
284893 223 5
419106 1202 5
898062 1362 2
857014 1345 6
553775 764 4
435726 1356 4
771323 1177 2
228523 964 1
261586 1109 6
790759 1222 4
448396 1368 3
800166 909 5
286842 1398 5
399634 1159 5
717372 1371 1
737357 985 3
737206 1162 4
668828 972 2
651410 1412 1
635196 1238 5
167054 1436 6
51598 774 6
666453 816 3
275109 528 5
670943 1438 6
948851 1367 6
399455 1042 2
225847 902 1
36113 215 1
423683 668 3
458057 1097 6
957872 1280 3
198069 1353 4
210550 454 3
923909 276 2
161698 576 1
458950 1298 5
471717 1072 6
744377 733 5
151475 1142 2
96307 1051 2
348820 1335 2
880411 1029 2
25120 1344 5
593614 528 4
233647 1076 4
736547 1361 3
330259 1433 6
173037 543 2
838409 1192 3
907367 688 5
963799 784 3
175590 538 6
183958 348 5
950519 1212 4
851110 1212 4
713768 162 5
294129 526 1
403353 300 6
503455 1338 4
433335 696 3
20978 1084 1
353626 1234 1
136426 1057 1
966846 1194 3
534880 969 6
205754 1138 3
864301 949 3
331428 1247 2
341172 1366 1
116362 1419 1
947202 675 6
530339 758 1
295728 1286 6
149 1432 6
294956 1430 6
452968 82 4
687869 807 2
31867 36 6
796214 953 5
987175 1417 3
253391 615 5
486164 1301 6
415006 1353 1
499246 737 5
549363 843 4
969942 593 2
115958 1119 6
142630 632 3
650377 796 5
934876 1120 2
966858 1049 2
269871 1285 5
802252 661 3
142618 1028 5
440747 1142 1
773684 1101 4
184240 1370 5
773249 972 5
318219 1002 3
974352 458 5
708483 903 6
324287 1316 5
296028 1352 4
451198 682 4
358092 1119 3
906250 1252 2
757151 668 3
619871 1141 2
254351 1091 5
762594 1397 2
482707 577 4
978921 1229 5
579898 1304 1
762091 106 6
506009 1308 3
674633 965 2
346684 887 3
143525 725 5
511670 1088 2
257867 1136 6
944906 1290 6
629301 1393 3
785091 686 6
17824 884 4
766341 1411 4
213904 1152 4
461091 211 6
37681 1254 6
417165 1387 5
581941 1305 2
767318 183 6
175243 1171 6
229209 972 1
468094 771 2
159487 1269 5
256649 1360 1
200174 1247 1
773864 373 5
92090 550 6
420982 747 3
227100 1202 3
429597 1240 5
458057 820 6
540693 291 3
314084 946 5
887579 1109 6
630576 1263 6
386374 1277 4
793906 1243 1
661797 1371 4
328042 1192 2
462244 688 1
694981 202 5
550257 1439 6
886046 1181 5
683670 693 4
622926 1337 3
671128 213 2
294129 599 1
52294 951 2
501026 590 5
706302 522 1
279672 1253 3
754051 4 1
274440 1159 2
532118 777 6
527192 1336 4
878944 878 4
262003 910 4
621769 389 1
465054 191 3
812933 984 2
405221 41 2
383754 1229 3
205748 1014 4
996637 565 1
586896 517 1
53604 986 1
230753 1095 4
442778 1015 3
554438 1094 2
821948 428 3
481194 122 2
769681 719 2
495398 1255 3
319801 334 2
220937 1344 6
188806 813 6
85229 85 3
729244 1413 6
716041 889 1
891980 132 2
272101 1371 4
184401 398 6
46657 851 1
994096 539 2
787595 1386 4
70869 1350 1
607234 1284 1
780127 1303 2
760505 1407 6
152252 1139 6
976351 1332 5
405105 576 5
593042 1162 1
924472 645 4
767941 1239 5
487971 1240 5
622513 1202 5
789909 1431 2
510688 1014 5
128379 1288 1
402080 393 6
998235 1354 5
252369 467 6
693324 751 6
822607 936 5
288373 1368 1
926769 994 4
551175 813 3
110153 975 5
181115 1092 2
591329 1217 6
332411 639 4
846039 1208 1
726806 1288 5
333289 730 3
807967 1341 4
762901 951 4
137476 1248 3
869470 130 4
381374 1169 4
326136 1398 3
39345 1169 1
910706 783 1
351345 1344 3
656399 445 3
169399 1245 5
468640 971 4
911478 1263 3
885197 1186 5
963505 203 3
30033 1377 2
321522 862 4
100918 1002 2
733670 812 1
103303 795 1
957669 1080 5
852818 379 1
380180 3 2
35039 415 6
491591 808 1
376518 1427 6
194337 1294 1
422282 740 4
503502 803 3
40946 1440 4
345698 1331 2
771919 842 6
439993 61 3
708907 569 4
838489 406 5
416294 880 6
2783 949 1
468460 364 1
901004 366 1
506680 1033 4
252859 1 4
484993 1398 2
156146 1079 1
910706 706 1
922235 1035 1
509262 129 4
479899 1308 2
294723 1231 5
623070 1171 2
757142 749 2
958775 1181 3
695706 1403 5
544899 283 3
182290 1347 5
358267 1255 1
672693 1109 6
992987 390 3
72975 646 6
436615 625 5
729857 1386 2
402947 1320 2
899321 96 2
368362 975 2
468478 945 6
195350 1341 3
159879 397 2
251563 1169 2
860303 173 1
725895 41 4
994357 1407 1
909661 357 5
159879 867 2
269424 569 6
415837 1061 2
922235 241 1
205163 1135 6
70789 910 4
800623 1243 6
237679 924 1
491831 425 6
83643 1375 1
779393 970 4
544560 316 6
762377 725 4
438056 654 3
397858 1121 5
13922 211 1
328885 939 5
437775 1044 3
376518 1397 6
962067 988 4
567597 1351 3
718386 1148 6
549006 1077 5
781008 509 3
243879 990 5
520375 1194 6
939842 1419 5
465129 99 2
962939 789 5
900982 1371 1
780880 829 6
676820 303 5
322367 1338 1
892144 1357 2
228823 1430 1
650301 935 2
40187 961 1
424036 755 6
657095 1005 1
579273 900 2
874029 1439 5
181115 1029 2
193573 747 1
2499 96 6
487038 1241 6
786702 1384 2
608869 1047 6
828037 931 2
895367 1312 3
687614 510 4
610342 449 1
25516 1343 5
771886 788 6
674599 802 2
214353 849 1
413899 1358 4
889378 1047 1
141142 742 3
238653 1315 4
611834 599 6
723535 936 4
530882 704 3
874594 1278 4
534218 1062 3
875181 545 6
949886 432 3
99440 1119 3
412942 559 1
384439 94 5
809266 525 2
141327 950 3
544884 1046 2
296647 1254 2
814375 1386 5
554508 1210 4
557865 63 4
719256 1377 6
953341 1289 4
622777 606 1
649801 694 2
159869 1200 3
508215 628 6
37280 1185 3
58720 1307 4
814182 1308 6
126984 939 4
557933 1362 3
746228 622 2
370087 896 5
601796 1027 6
801298 39 2
36239 154 6
390824 779 6
200338 1297 2
741121 1251 2
467321 292 2
987558 1139 1
191085 299 2
923909 969 2
233412 1155 3
741883 907 1
255510 945 2
177932 1409 6
906250 433 2
667952 925 2
265734 1200 4
170261 200 3
580032 733 6
242980 388 5
506934 387 5
375434 1140 6
497111 971 4
656220 1316 3
886332 1115 2
158659 1388 1
407207 674 6
341172 822 1
683542 737 3
143525 271 5
362066 29 4
499160 1215 5
707234 669 1
705195 478 1
625322 921 4
106814 144 6
186527 1290 3
176768 228 5
765019 963 3
21348 1043 1
417407 869 4
291334 1440 5
496787 1110 3
55732 1320 3
420256 748 3
428075 1382 1
185053 1225 2
417165 1299 5
208360 724 5
683137 1302 6
717326 1142 4
39291 1360 1
767115 808 3
428626 339 5
965487 1168 6
999824 455 1
140246 814 2
800292 669 6
779558 1066 1
36955 735 4
464969 1410 5
469646 647 1
967154 1307 6
345511 943 6
230796 909 3
847447 1122 4
747942 991 3
491755 880 1
802252 695 3
426045 553 4
875380 1177 3
195596 1381 1
679115 1383 3
417918 1303 4
935990 649 4
710806 930 5
611403 1233 5
629375 1390 4
382247 143 6
450101 1420 3
457943 1291 3
601315 1121 4
353565 740 1
864603 855 1
34691 993 2
925290 416 4
13634 732 2
546910 1417 5
128643 155 5
155702 1364 5
982347 679 4
384498 210 2
725290 549 4
350562 389 4
686309 365 3
819868 1027 3
134413 131 2
284027 1238 5
113702 179 5
998235 438 5
852530 450 1
259511 1123 5
424255 1128 1
410795 1026 6
390936 1398 4
78757 1082 3
741606 1227 4
409809 345 6
380180 577 2
707782 102 4
291231 1073 4
170343 371 6
173952 505 6
9368 1007 2
473631 392 2
155702 1425 5
183317 1300 3
368362 662 2
683762 529 5
786446 1317 1
688100 1291 1
415097 206 4
385386 882 1
391146 1284 6
36113 354 1
294723 1272 5
498564 876 2
163687 1296 5
48468 917 1
508051 1114 6
863842 1423 5
248847 1382 6
920942 141 6
52560 1248 5
283254 1419 4
343492 264 2
324098 1416 5
739637 616 5
680984 1333 3
446852 1068 4
601356 744 1
654094 113 3
276210 1330 4
411500 1345 3
835534 1283 4
472483 227 6
242555 242 1
642695 1382 4
626987 1232 2
590080 493 5
612016 421 5
727724 1179 1
142352 1085 3
814062 871 4
771919 1162 6
718119 241 6
100918 1049 2
521451 1372 1
408387 544 1
897289 1378 5
177738 909 3
469267 1064 1
525135 638 1
285542 1388 3
405475 360 1
51855 631 1
115958 8 6
326580 1270 6
900364 917 4
181137 1177 3
530454 914 3
687663 563 3
929191 946 2
479052 692 2
942709 1082 1
63741 1188 3
173037 691 2
735276 166 5
747843 599 4
392901 1259 6
568837 867 3
679028 1057 1
487038 1351 6
311016 1008 1
716236 1440 1
651958 81 3
695222 190 4
2640 1057 3
982731 1424 5
760785 1235 6
344813 31 4
886742 938 2
911478 1047 3
112060 278 5
247313 825 3
995528 1357 2
48468 1027 1
120368 1011 3
407207 634 6
81633 1422 6
872012 1066 5
354469 791 6
717326 676 4
633367 73 2
328042 1435 2
812933 1406 2
816201 840 5
8708 579 4
108458 1269 1
796307 503 3
741041 1026 4
351642 370 5
350232 1114 6
388547 836 5
283766 721 2
758987 189 5
755577 101 2
564944 1048 5
59038 1257 5
596987 653 2
138345 791 3
875181 458 6
2949 1022 3
301377 1151 2
942080 1162 4
503525 716 5
589422 1367 2
609694 1262 2
170261 1284 3
777881 996 1
152954 1064 6
50538 1360 6
609815 1242 2
679394 1393 6
774244 1363 4
729392 1285 4
317721 1212 6
802564 1082 5
886742 820 2
904068 1184 4
230803 1267 5
244321 330 1
134390 1262 5
351828 921 3
132077 1370 1
4061 667 5
55044 209 4
204921 31 6
377993 798 6
13630 1106 4
189026 458 4
34214 1394 6
218534 742 4
681353 915 5
765505 1337 1
63120 872 4
765842 960 5
479591 1369 4
949736 1257 1
805913 1144 3
207734 797 4
695706 1249 5
271212 1155 5
279749 1364 5
398732 1432 6
341963 13 2
629173 1082 6
110070 742 2
867050 346 1
395722 1108 4
34254 1427 1
532377 213 3
251563 449 2
229301 1010 4
402968 1142 3
495308 974 2
436843 1435 6
176061 724 6
436843 1269 6
565404 1087 6
731464 1307 1
522640 1325 4
643168 1199 4
757803 413 2
916422 1127 6
491660 236 2
839840 1415 1
389626 1008 4
447419 835 5
15393 1162 3
197425 1161 5
85850 1414 4
434782 1021 3
731196 1231 5
451551 1413 3
625966 887 2
192836 628 6
269836 1433 3
880262 1424 6
676969 761 2
607031 1433 6
497499 470 5
502648 543 6
918748 1173 6
627744 1124 1
979364 1290 3
801059 106 4
753837 293 6
274207 802 5
797485 104 2
521225 830 4
265900 1229 6
87148 25 3
339488 1214 6
516610 1418 3
651410 1158 1
377993 261 6
427663 192 1
238489 1340 5
17562 1418 3
649199 1377 2
335129 610 3
18311 272 5
609113 454 6
194587 1434 2
707234 449 1
61089 1036 4
910158 1272 5
879140 288 5
86409 514 5
579273 815 2
832189 1340 1
787990 1146 2
175595 1165 5
760387 1097 3
84588 604 2
183129 1369 3
334386 1307 5
177738 1077 3
232610 542 4
894328 1243 4
227375 217 2
211948 1376 3
576963 1088 4
241593 1412 1
273934 1201 5
701377 1368 5
501166 1278 2
945320 1407 5
184447 1022 6
377923 1029 4
420285 1192 6
736750 1167 3
79920 300 3
82656 1012 3
276430 1259 2
741606 1183 4
429008 1105 1
658248 1200 1
305596 740 2
675916 938 4
229207 310 2
75668 883 3
707554 1414 2
580024 1170 4
871170 1404 2
652049 689 6
489643 1296 3
135822 1183 4
580032 1408 6
665834 787 5
160788 1151 2
308115 1373 5
841546 1315 5
638731 528 1
456126 1391 4
720330 1396 3
179077 1144 3
698198 479 5
810200 1063 3
287728 346 3
291073 160 2
538711 137 4
41497 1344 2
544689 152 6
292609 1393 6
362361 927 1
450882 401 5
279556 334 2
686781 618 5
929941 92 2
195027 1351 4
105274 1160 3
245906 1266 4
59038 592 5
735395 1429 1
997043 871 2
260870 672 4
370510 1410 2
706644 769 4
273520 845 4
247068 764 4
227375 650 2
296016 1426 2
101420 904 2
644179 1075 1
690970 506 5
608697 302 6
271944 1416 2
311561 1438 3
627238 610 2
131290 621 2
686822 172 4
435952 1433 4
159785 1236 2
282261 561 2
790759 79 4
650377 588 5
856256 579 1
106814 1348 6
845398 1225 2
968678 831 5
670633 1192 4
471955 172 5
565476 896 6
104654 1172 2
411500 1412 3
961701 1346 3
923642 688 2
902534 1419 2
212061 326 1
85810 1435 6
801912 713 5
234201 1392 1
789165 800 2
273318 1340 3
474127 897 3
317721 319 6
999063 687 5
229207 243 2
687869 1041 2
897086 1352 4
935837 678 2
691010 407 4
266702 1429 4
730273 1242 6
74054 1374 2
437152 1229 5
236097 1373 1
612016 650 5
907261 748 5
976336 1373 5
282283 1299 3
346264 1025 5
890280 1387 5
859985 756 3
741246 1433 6
655465 188 3
846039 1372 1
315494 729 6
282936 700 6
530032 937 4
679737 357 5
29182 59 3
586054 543 1
651428 371 3
248989 1350 3
773987 1161 2
277082 1390 5
932509 811 1
207696 445 6
884978 665 4
852408 1003 4
773684 1434 4
205609 1331 3
437152 709 5
710806 1079 5
924316 1178 3
332397 724 5
165889 300 5
388547 642 5
829808 901 4
728371 346 6
334386 598 5
612178 698 3
554532 634 1
856111 356 3
25690 1298 2
835534 1383 4
491831 820 6
831421 172 3
343492 221 2
428931 1356 1
34884 1280 2
839840 467 1
221461 1284 6
540871 655 2
642586 825 1
931693 1395 1
508215 187 6
356954 302 5
24697 604 4
14570 1309 5
979440 1418 1
828375 1107 5
43414 1000 4
620825 298 2
163300 1380 6
374237 667 1
736036 1062 6
268059 301 5
55145 1284 1
394726 1121 2
551026 252 6
247602 336 5
80830 955 3
728371 578 6
222540 1302 6
124217 1383 2
892332 1151 4
288458 1398 6
527878 733 3
840488 1068 5
352672 600 6
847899 1365 1
63741 586 3
531669 1426 4
145251 1231 4
625582 857 3
50561 1302 5
644179 1277 1
843589 288 1
56193 1240 5
580024 1266 4
329570 771 2
250171 12 5
141403 91 4
473643 972 1
145556 630 5
259235 1405 6
791742 1314 3
418656 142 1
781070 503 6
833332 1288 4
62217 1019 2
454348 469 5
761846 1080 6
552470 650 5
704810 91 4
399880 104 3
512056 1319 1
652190 1372 5
518767 1191 1
364609 309 3
339006 230 4
378397 1039 2
906026 546 2
878141 1338 5
824273 534 4
648509 545 2
167150 1434 1
572005 277 5
968638 1225 3
886046 1306 5
715432 922 1
486212 915 5
503455 1250 4
762542 282 5
409529 947 2
481138 576 1
979426 769 2
652575 638 3
425245 909 6
760387 1042 3
249048 258 3
904745 1332 1
435326 1180 3
641330 401 2
54896 1406 2
660388 476 3
230753 1053 4
330080 136 6
688452 763 6
373247 430 5
656617 1282 5
439372 1167 2
38849 1379 5
648509 1390 2
259511 1276 5
22832 391 2
359698 1432 3
527149 722 1
227479 759 3
647911 170 5
24128 541 4
738225 1106 5
242149 212 6
603862 1362 1
896144 1081 4
165670 797 2
761528 1313 5
773815 623 2
124871 634 2
309377 1260 6
890335 50 2
633025 63 5
56908 261 5
673249 1279 3
571613 1024 4
727724 1083 1
728890 1406 2
416330 252 4
523445 1218 6
94810 1432 4
843589 1130 1
430656 1172 6
418656 565 1
482723 1039 4
136929 1009 4
611403 762 5
499663 1277 4
362119 1339 1
22832 1302 2
421975 1256 4
421975 1288 4
514975 1430 5
449573 1394 6
473218 1368 4
109902 1430 5
360764 1363 2
197572 1303 3
410587 820 2
557865 496 4
514108 1310 5
649386 801 3
874374 422 4
888778 884 5
480867 1172 3
531386 1276 3
248989 1432 3
192836 1034 6
819804 252 3
310974 543 4
833679 1218 6
394470 1256 4
13012 727 1
979440 506 1
93157 621 2
829423 665 5
505946 1108 5
929779 1341 5
519586 942 4
498764 946 5
708907 1076 4
832099 630 2
804485 841 5
607031 1228 6
691503 34 6
622405 1145 6
250171 648 5
762787 1026 6
34884 902 2
530339 828 1
173452 1061 6
403408 1038 1
643398 491 2
703977 396 1
528880 449 2
190549 116 4
331428 380 2
64944 67 6
601796 1410 6
974352 841 5
805970 491 2
993136 1231 4
341963 1238 2
260833 1143 3
917471 940 1
637593 999 1
137665 1266 3
541850 741 1
34976 1165 5
986530 1381 3
370669 30 4
195899 1135 3
13406 605 3
262003 580 4
938058 650 6
645235 490 2
841254 197 1
120193 1386 2
761167 256 1
276049 597 2
3561 1179 5
890335 141 2
521451 1327 1
359230 807 2
299522 787 3
549467 848 2
887859 658 5
345769 1292 1
99033 450 2
43377 1362 3
467975 1332 2
715007 189 4
212061 36 1
534880 717 6
827728 1132 4
608383 1345 2
915434 1332 2
261372 1400 5
798148 1033 5
938954 972 5
145417 849 5
862960 963 2
269613 511 3
432438 1384 6
121744 1414 3
438776 1120 2
766561 1433 6
160788 207 2
927865 3 1
601366 245 5
911649 1345 1
76667 1404 1
648576 1409 4
982731 1087 5
972758 821 5
488073 495 2
254627 375 1
21935 194 2
118264 1315 4
21605 464 2
606683 1084 4
626171 40 1
25690 1073 2
618643 1291 1
565115 1393 2
736340 294 3
789600 585 6
511138 675 5
713508 535 4
33131 411 2
938709 411 5
903239 1394 2
505946 702 5
492746 1164 3
288848 810 5
950519 771 4
425874 849 6
437829 760 1
228823 1397 1
378397 1187 2
411696 331 3
674273 1417 2
783688 1098 5
468478 811 6
783688 340 5
292452 96 4
81125 625 5
853190 154 6
504434 285 4
890150 1294 5
196189 1000 3
655886 619 6
641595 1267 4
920585 1397 6
648092 1255 5
811310 447 2
498076 767 5
196115 1304 1
569873 1253 4
141622 1347 5
198069 1292 4
494122 330 3
278319 875 5
495407 1292 2
834894 1435 3
915434 1049 2
139504 131 4
626171 968 1
662558 297 3
296647 1417 2
12793 1418 5
625582 5 3
105666 1245 4
979426 1336 2
323190 689 2
120574 894 6
575076 917 2
784187 1269 1
962067 1413 4
565476 751 6
884321 662 4
984914 746 1
704548 1187 1
221055 917 6
516763 1195 2
706341 157 6
870884 897 2
429597 480 5
222540 1047 6
439372 574 2
806810 884 2
816099 1022 1
246173 612 1
680868 48 2
508816 1166 5
79984 1132 2
338021 1349 4
825977 397 3
642493 670 5
455598 1199 4
82362 692 6
302748 688 4
137339 1339 5
21903 1359 5
668518 285 1
349035 1176 4
347591 840 3
966858 1291 2
469265 852 4
369278 1080 6
441144 1372 1
47052 137 6
419983 1120 1
794996 1427 6
901463 1431 5
36206 957 4
20978 67 1
705195 325 1
656399 279 3
911771 1421 2
846542 1103 3
446852 922 4
133668 1132 6
463723 135 1
650002 1350 3
511696 1252 4
648390 849 5
463383 135 6
656112 1275 3
675114 624 6
399634 1221 5
22829 428 6
787132 1012 4
186085 689 2
123149 490 4
570232 1124 4
994096 1182 2
261272 1432 2
499160 1399 5
503525 1338 5
33739 956 3
687614 733 4
551605 1108 2
430656 1142 6
640380 1114 2
294051 1007 1
969724 837 2
320581 683 1
399501 1139 1
991281 1173 2
639334 1305 6
718080 863 1
174940 1271 1
272306 70 1
571613 1345 4
741523 891 4
39380 1416 1
394300 1304 1
137658 66 4
253703 82 1
183324 1160 3
890280 351 5
761993 973 6
194157 1016 6
93157 213 2
264429 553 3
195633 659 2
890537 1410 3
621518 1370 4
683335 1362 3
3534 990 3
50294 1368 2
893493 1382 6
59808 1157 1
943068 1093 3
787556 332 1
741091 1100 3
164342 680 5
979810 820 1
188051 575 3
933921 1362 2
477178 1388 1
69169 1004 2
249048 459 3
546030 299 4
567227 924 2
305458 927 6
624097 1417 6
965672 871 3
116084 929 2
736459 242 1
82626 618 1
536070 1303 4
834047 1218 4
197793 1391 5
204921 1027 6
369278 1346 6
182163 511 1
88039 1205 1
969724 1256 2
84277 1168 1
630268 1373 3
395722 539 4
149077 913 5
122603 114 6
2640 440 3
229209 719 1
499663 1093 4
538297 1107 3
34976 746 5
258004 423 6
282261 137 2
751229 734 1
574645 983 5
287925 1394 4
451696 1299 3
944417 1365 3
879202 756 3
541216 1062 5
483060 1173 6
817043 187 4
516152 1060 3
364800 1328 6
261408 536 2
476142 134 2
390936 644 4
256861 1401 4
245255 1096 4
891780 540 3
17562 1382 3
454794 997 6
443069 981 3
860303 130 1
91611 1231 2
794230 1390 5
645086 827 3
116362 650 1
137665 1300 3
354866 1253 3
790917 535 4
394188 1120 5
435952 1322 4
48379 576 1
155738 544 2
639334 868 6
108754 1008 5
417407 1100 4
550552 579 3
610477 1126 6
693324 1410 6
836845 1384 3
920390 367 2
261372 1090 5
865414 1014 1
164342 1184 5
188051 392 3
173452 322 6
279556 883 2
700404 550 1
10229 1008 6
622431 639 6
241677 1190 3
153773 1056 4
188850 1260 2
607816 1353 5
743720 407 4
490879 1412 5
625968 483 6
984105 106 6
311812 64 5
775929 1197 5
334373 1381 4
463138 1361 5
319342 916 4
230605 49 4
53858 1147 4
705974 1338 3
771323 1274 2
41919 1437 2
36226 607 1
181703 876 3
824646 261 5
837797 1415 5
751434 258 1
181416 1219 4
252369 421 6
470228 82 2
85480 1032 2
449904 260 1
269208 78 4
205103 416 2
822181 1436 5
34202 1156 5
518441 710 2
51021 137 6
986254 1120 1
645500 949 3
737357 753 3
345511 16 6
82362 1047 6
856500 402 3
679508 1218 4
253458 1422 1
642586 688 1
715885 507 2
469646 568 1
849566 1143 2
975681 930 4
810734 881 2
704539 261 4
596987 945 2
412416 762 4
522287 43 2
48188 516 4
146377 126 3
628103 134 5
43377 1078 3
554438 337 2
385112 1363 6
774967 1297 3
385386 1366 1
509976 1352 4
247313 746 3
959770 666 6
979230 900 2
787739 868 3
944817 978 2
593042 1325 1
621518 544 4
940755 1383 5
595538 1214 1
10928 575 1
931007 913 6
270520 1269 3
530032 419 4
182319 1169 5
843215 78 6
225824 422 2
74554 269 4
884832 1178 3
826795 1270 6
816309 1220 1
624097 737 6
294178 1269 4
718331 491 3
502501 211 1
280302 58 3
789165 50 2
230605 648 4
599989 1257 2
251793 714 5
351186 1059 2
616306 464 2
982946 1038 4
931411 897 5
415006 769 1
399128 1035 5
565404 1416 6
648576 530 4
708554 1096 5
305097 1057 5
648076 731 6
862755 421 5
800300 429 6
641817 1279 2
29849 1029 3
203933 387 6
433180 242 5
239103 1054 5
272101 71 4
465667 1392 5
508051 222 6
921476 1217 1
829275 1134 4
826395 837 5
799787 578 4
136426 416 1
814478 1254 4
214597 1425 2
807967 243 4
291231 1397 4
372052 1394 2
608383 836 2
125093 1399 4
881827 1027 4
705974 1307 3
194337 1105 1
905473 970 1
831001 572 2
696512 789 2
800549 1183 6
698452 576 2
448549 1252 2
799330 949 3
253458 1322 1
519695 1202 3
173462 536 6
305210 33 5
688100 1255 1
836377 1085 6
25371 940 2
809808 685 6
458950 1134 5
422282 388 4
693820 1351 2
427592 1074 1
300790 1241 3
945757 981 5
339463 393 1
798148 897 5
70679 936 2
847447 207 4
446501 517 6
94991 848 4
425717 1382 5
704810 432 4
872012 613 5
324894 178 2
655284 30 2
351546 1206 2
515012 804 6
399154 270 4
267630 1339 6
707684 693 2
568799 1312 2
406249 1266 5
786702 613 2
289238 1151 6
660016 937 2
496928 1274 2
638731 991 1
910158 1038 5
952311 589 3
406969 965 3
869470 658 4
175418 1360 1
457704 392 4
772336 1210 1
245906 1373 4
647365 1162 4
367467 915 5
125632 887 4
111150 911 3
166005 1262 2
588539 791 4
314773 835 6
782135 1170 4
989033 1432 3
133176 1281 3
97677 631 6
865416 1120 3
332367 1165 2
73984 493 4
638925 1163 6
787990 848 2
783044 1179 2
702402 1369 2
189657 622 3
242162 1069 4
437775 450 3
181703 84 3
904901 494 2
639533 717 1
781137 904 4
943697 802 3
487411 1060 6
517545 1163 1
981004 142 1
55842 1328 2
228970 276 6
776896 554 3
701803 423 5
731077 86 1
697181 198 1
318674 1413 4
920998 555 1
177547 109 2
478969 507 5
415837 973 2
254627 1040 1
611239 1382 2
736340 249 3
228074 1272 5
118265 1223 1
837007 553 5
815812 817 1
865414 1270 1
126762 1035 3
707761 699 2
831669 34 1
186827 916 3
522303 1228 6
571079 406 6
616608 682 5
568770 1353 3
864301 1142 3
265117 1057 5
830419 1339 1
28174 1054 1
419106 1326 5
494018 245 5
438038 925 4
631983 1431 5
819484 1407 1
849465 821 5
538281 1436 3
158659 1425 1
493617 54 2
812543 521 3
704539 1004 4
28251 277 6
726143 832 2
325168 1093 6
194587 1230 2
414382 1287 4
760955 210 2
571079 1199 6
253652 311 3
765745 813 6
707554 1383 2
99033 222 2
210676 963 2
780443 1391 5
366973 1155 6
617519 1211 5
269208 775 4
364332 1112 3
79406 699 4
35834 841 2
440747 1385 1
957669 1366 5
446151 237 6
251201 116 4
85480 658 2
819868 1062 3
641877 738 1
693801 5 1
316811 557 6
351571 1202 5
181018 622 2
7344 1017 1
239949 585 6
833877 326 6
507937 633 5
153473 923 2
718386 1213 6
110070 1085 2
649381 493 4
817444 1338 6
693475 628 1
371144 1431 2
59892 989 4
946343 1219 2
486212 1306 5
580392 248 6
411463 919 5
110479 665 5
332230 1038 3
868963 220 2
870322 131 4
612989 389 6
153035 1289 3
162768 999 5
495385 1067 2
291759 391 4
141883 283 2
126762 1314 3
695426 1395 1
372599 1364 2
477178 1309 1
191261 913 2
145417 1118 5
565849 1022 4
803818 741 3
656895 1310 2
761846 719 6
764335 575 6
481604 1100 5
692009 297 5
314393 822 2
723545 806 3
827728 1319 4
702255 626 2
647911 1356 5
47854 1258 4
670899 349 3
821840 990 3
449573 1280 6
44543 820 2
43414 178 4
629173 24 6
979364 915 3
183958 1390 5
774706 1012 2
813693 1157 4
508025 1329 6
809317 488 3
59122 451 5
556911 563 4
199940 1398 5
536070 91 4
611239 1352 2
367495 118 4
423088 428 2
865895 1013 2
237583 1367 3
183324 685 3
585993 967 4
811411 916 4
481138 200 1
840378 488 2
749861 607 6
252400 326 5
894757 362 5
255844 911 2
219055 38 3
651428 1172 3
471761 580 3
84987 328 2
47854 1035 4
586606 1144 4
61763 1087 5
177254 416 3
305596 794 2
288820 633 3
576906 974 1
253391 186 5
792760 564 4
361096 1327 6
138303 270 6
112464 596 6
439920 27 1
456612 178 6
492329 1326 6
641720 724 1
98484 450 5
500816 1423 4
460452 35 1
561230 189 1
967154 1410 6
633367 794 2
901938 1437 2
105666 1166 4
281729 1392 2
247320 948 4
321835 968 5
901938 1217 2
603466 947 3
765753 33 4
358267 1204 1
110479 1150 5
522582 1307 3
216485 1313 5
531256 228 6
503223 1433 5
464463 1225 5
735395 761 1
789909 1385 2
934876 983 2
513444 1269 4
93245 1281 3
244321 883 1
605636 1093 3
497495 1036 1
355407 1304 6
776278 15 4
686309 53 3
56193 385 5
497495 1102 1
30033 1430 2
5931 824 4
203497 494 6
56908 136 5
918748 1346 6
245255 1174 4
447196 824 1
944227 1400 2
735276 128 5
759225 538 3
325168 1328 6
141765 820 4
100288 1440 5
11703 1181 1
232611 825 4
576557 1388 6
10928 7 1
13630 1327 4
990391 915 1
243644 1143 4
690970 549 5
397276 1134 4
549520 434 4
692060 634 2
208360 996 5
884832 697 3
294461 658 2
169869 990 6
808511 415 2
928479 1335 5
389287 1379 1
936500 580 3
35819 1344 6
314014 1408 4
548838 236 1
719256 1422 6
529815 274 6
428931 1255 1
843215 398 6
788204 1303 6
255844 1017 2
761863 1039 2
914985 1125 5
857014 1410 6
289686 583 5
65061 1173 2
810031 562 3
967374 899 2
782135 347 4
468923 1386 2
320553 1306 5
314959 1370 4
694981 1196 5
435726 1296 4
764133 1337 3
719801 845 1
655465 86 3
435326 1008 3
297760 93 2
728101 1389 2
793220 33 5
287827 1212 4
781070 1381 6
496409 90 3
134390 555 5
375515 1014 1
484697 1400 6
51422 423 1
706059 1134 6
519772 353 6
606700 1338 3
81148 450 5
696512 1421 2
122603 1312 6
706302 316 1
261604 728 3
295209 884 1
929191 647 2
74464 1233 5
621235 1312 6
460721 960 1
36226 0 1
622777 1179 1
254477 1218 3
461541 278 6
869732 754 5
743972 960 3
761167 888 1
764892 1423 1
548531 811 1
809266 1317 2
271212 606 5
657873 1081 6
703977 146 1
363052 165 6
828881 83 1
430426 1100 4
751891 841 2
137569 1314 5
834062 704 1
59122 569 5
988850 1415 1
334628 52 3
404172 746 2
316752 1419 6
572005 997 5
266930 1114 4
995528 891 2
863328 946 3
465136 1181 5
61382 1290 1
496409 983 3
179077 854 3
93759 517 4
394470 1289 4
455405 445 1
793220 1078 5
427663 387 1
995222 1272 2
567923 174 1
199031 356 1
520915 639 1
950500 1289 5
869403 1263 5
32280 1275 1
229874 1168 5
608143 1401 6
11062 1043 2
132077 852 1
581015 239 1
304877 1131 1
739954 469 6
725933 990 5
628289 1128 3
820233 231 3
291759 533 4
354324 1036 2
329333 973 4
860222 690 2
564944 1322 5
12793 1185 5
826395 405 5
605152 799 1
633469 671 3
845398 1418 2
925290 906 4
468923 1176 2
65974 1427 4
969295 1218 5
808511 571 2
681353 687 5
961778 321 5
84588 723 2
825977 216 3
448396 1439 3
487992 1062 6
41973 1245 1
885358 825 5
680592 1321 6
640380 754 2
318626 1178 2
412942 690 1
870055 692 2
559698 1089 1
632285 1419 5
517167 906 1
609815 1204 2
492746 1415 3
8708 6 4
548071 738 5
591211 1367 3
809808 615 6
945320 1317 5
173813 784 2
562685 859 3
593987 1425 2
169198 861 3
944081 967 4
61089 615 4
37083 1233 4
708554 1147 5
833795 644 1
450101 1282 3
124969 1434 3
441747 970 3
131417 458 1
816099 367 1
648718 1215 2
416317 1333 1
676547 229 4
947330 881 4
721819 162 5
325356 1123 1
131290 1439 2
957058 645 5
897289 1166 5
902329 579 6
471955 726 5
794230 1308 5
351345 1398 3
730929 1126 1
586054 19 1
81480 96 6
