1199
7932
-4961
186
-4336
2863
8218
7860
-3894
2007
9227
8997
-6406
3819
5193
-7289
1872
3954
-4584
3856
1672
8307
4438
-5056
-5840
-257
-4494
853
-586
9840
-2542
6509
-6158
-7955
-6524
-8832
5856
4001
1956
9903
1875
8996
2493
9058
-4425
1859
-2977
7385
3141
2220
6252
8963
-8258
-6024
7368
-4664
6120
8098
-3302
-658
-4729
-255
-9034
-4948
-7507
5881
8200
8644
7699
6778
4797
8570
-6133
1097
-4662
-6271
5778
-1657
1738
1466
-8059
-9103
-9864
-5099
-9166
-9312
1753
223
-8919
-9007
302
-9973
-9819
-4460
-5442
-7346
8969
-1862
-8607
2182
785
7075
3028
7590
-6658
-9498
-2834
5490
5110
5976
-5572
4352
-8073
-1799
-7246
6126
7541
-5533
6927
-5807
-7555
-2138
-2614
5608
6030
-8851
8250
5380
-2830
746
-9891
-8956
3863
-3948
924
-5227
489
4339
3883
1273
942
-5845
7577
9803
7046
2977
-6264
-5793
2095
-3994
6266
-2141
1302
-9555
4584
4079
-2692
-918
5707
-3864
6765
-9305
3859
-9937
6037
1621
172
-1516
219
8816
-6869
-7582
4820
6240
5960
93
851
8963
4827
3375
5060
-9648
4036
-1650
-4744
-8707
1979
-6380
6924
-7359
-8981
-9692
-9660
3734
6767
-5311
-8163
2070
5207
122
6553
-2302
4885
6193
-9101
-1670
-9625
3493
6118
-5682
584
-2582
-7099
-3629
-5900
8212
-5615
-4067
-9146
2268
-286
6470
-8223
2483
-6113
350
8953
4521
-9540
5418
-4940
8907
-7320
-802
9436
-9886
-5708
6428
-5519
6135
-9687
-8754
3427
-946
-1446
-8790
-3308
8691
1640
4282
9097
1801
-6293
3557
3322
-889
-7620
210
3986
9568
-7076
-5794
-1852
-4821
-5296
7478
1719
2105
-6824
-2203
-3807
-5683
9796
1968
-7203
2352
4141
-2505
-1005
2636
-1614
2144
-9270
-267
2521
2181
-4327
5747
3687
8061
3954
3295
-9416
-8558
9029
2673
-6418
1561
-6165
9294
3566
7366
-5877
-9436
-7622
-3583
6198
-4486
4205
950
-1411
-4238
-3651
-8208
-8252
-5282
3194
-9452
5728
-3755
7251
981
-2699
-7417
-3196
-7223
924
365
98
-2545
-4663
3126
-9835
2827
8324
-4522
-1524
6748
-8435
5286
8107
812
-1318
-4097
8979
-9054
9508
-5635
8020
6284
9299
2388
3887
1154
-2337
-1463
-8913
8585
4424
9685
4990
582
-6817
-3575
9484
-602
-3866
3944
1378
-7759
-4940
-1344
-3523
-314
5966
-4617
3854
1146
-4544
8972
-5381
-1197
-5561
-848
-7963
-5066
-4760
1292
-4502
3581
-283
-8797
-7295
-2523
818
-4473
-9777
-1471
-3703
7147
3287
8029
-2733
5861
-1023
-596
-7471
-7325
4021
-938
-6773
-5010
7745
-9187
5793
8971
-6822
-2653
-1343
-3622
787
-2478
-8597
-5458
5552
2107
-6754
6504
-6128
3900
7976
-9161
6886
3692
3634
8540
9890
-9891
-7763
3934
3240
4247
-1121
-8912
-9622
-6348
-1217
-4823
8826
-4283
-384
-691
8589
-2887
9513
-6430
-9130
3116
607
-7515
4499
-6072
9866
1283
8312
-6662
-8146
4911
7659
-2857
248
3168
8736
9515
-8063
4001
587
-9862
-8303
-3309
-306
-840
-4812
-6313
5816
8698
-1440
6189
-4684
-1104
-6525
-1645
2594
2015
-3993
-7816
-6269
-5021
-962
-63
-569
-7084
2242
-4552
2221
-2632
-1586
-4959
4584
-1920
6733
5601
7746
7190
7800
-5447
4879
783
1352
1353
-7266
-2841
-4879
9729
-2831
-3879
-1647
-4184
753
-8758
684
-785
-6116
8344
5086
-9583
7376
4774
-9019
1899
-7885
3552
2189
-1152
149
917
-1208
-5428
-750
-3304
8203
4669
-8894
-7000
7801
177
-3166
6666
-3225
8733
4294
-5287
-8506
3030
6943
-1823
-6601
-7891
6471
-9234
6793
1185
-1629
7368
3648
-1613
-1243
-6597
-3666
523
-5605
-7573
2674
3146
-4045
-8449
-6823
-6123
571
9927
368
-8557
1876
-6017
1359
-552
-4349
7573
-9506
-4067
583
-5327
-663
9061
-6153
-2831
-5487
-2446
6756
2990
-2004
-8197
-521
1889
2494
-7304
-7479
8711
683
2088
-882
2309
-4401
-3352
2205
-1676
9266
284
-4739
-6312
-9661
5799
5286
-8651
3590
-715
9800
-8210
6530
-4339
-2765
-2538
290
1834
-8557
8014
-2950
-2725
5296
8266
-5799
9921
-6539
-4485
-1482
-7149
-7165
-1905
-9157
-7608
-8488
-4374
4700
3356
-2855
-6433
4056
3863
6879
5457
-1909
-210
8677
-1287
4085
-7159
7253
5570
676
3806
5323
6990
-9161
3379
-9452
6545
9513
-5491
7929
9258
-1587
-3224
3307
6510
-2935
6157
3114
1015
-5479
-1806
-3858
-7816
-3585
3937
812
7310
-319
9989
-5557
3643
7266
-2459
1690
6879
7098
2966
1608
-8103
-2237
-6096
-6067
6156
1933
-928
-5305
-9940
-2834
-2999
3250
43
-957
-1735
3438
-6422
-2449
-434
-5014
9785
-3445
1201
8093
-3011
-1657
-4060
9644
5715
9620
-173
-7457
7807
-4532
-3520
-5881
-9782
1762
-4039
-4682
7267
6239
4011
1459
-2954
-3530
-3481
1825
-3244
7089
-286
3081
-2729
-127
-5763
-1629
8314
-2230
-7083
-1539
7205
6560
1117
6190
218
-9498
1332
2598
-2663
-5864
7007
-2303
4270
-8699
-917
-8776
4967
-2546
2209
8043
6218
2990
-1276
1104
4377
-1393
3958
-5298
4513
-3720
-562
1712
7842
-5195
3525
-2021
8097
1153
-9949
-6696
-8798
-6114
-794
8192
-3755
-4624
-1227
-5623
-3449
-4390
1969
9101
-4897
1870
-2255
-1600
-7371
2924
-8067
1661
-5439
6471
9544
911
9637
479
-1837
3287
5895
-4366
5486
-5201
7127
-9194
1322
-9668
1458
7446
2807
-573
8312
-8081
-4420
9216
9273
-8710
-4272
3627
-2491
7073
-5763
-5514
4170
-9746
1125
-8702
-1414
-9865
-8054
-8974
-9752
7941
-7808
7261
7484
2249
7287
-142
-9471
-712
6323
-3344
-406
-5732
-4476
-8751
3774
-1799
-6796
9074
1118
5820
-384
4125
-3616
6031
-7306
8212
4627
-9856
-2186
2282
6408
9913
-1080
8580
6665
-2275
3153
-4616
8609
-6120
7214
-5361
1267
4204
-1627
9013
286
2156
-3838
-7041
2653
2141
3135
2713
-4062
6360
-4463
-2081
-2038
9611
-6126
-8864
4660
-6295
3808
9077
8559
-574
-9990
-450
2842
5745
8884
-78
-5592
-7563
-159
9860
-60
-2162
1543
-4897
-4303
-2768
-1474
2226
-6391
9304
-5126
-1230
4354
-423
1205
-3634
565
6730
-7092
487
236
7457
-1941
-9090
1032
-5797
8248
-1715
9071
6580
-2681
-4634
-4587
7128
-3972
6212
-3248
9556
-9220
-2613
-2074
5550
-3862
2648
764
4175
-6157
39
-8900
-3574
5470
-2948
5088
9491
-7207
9965
2229
441
2402
-3935
4626
4760
8188
3366
8809
-7586
6619
2159
-2825
-2765
-6577
-7942
-1620
4641
-9291
-8891
-1526
-168
8069
-7365
1550
-6152
2821
-6193
-600
2218
7376
1821
3761
457
3836
-9256
7955
9838
9047
-9933
-1450
7382
7703
8593
-3145
-4662
1237
4570
9028
-4761
-7169
-7268
7491
3554
-5890
6902
-508
-9520
6012
5792
5812
475
-9923
3256
5517
-4438
6889
-4942
-9
-1560
-3968
2817
1487
7883
-4245
-6573
9216
2997
-2215
3993
3651
7535
-7526
1552
-2997
-6897
-6485
8568
-6512
8383
-7918
6315
6635
-9221
5636
-6369
7377
-4104
1386
9122
-1129
-3971
-1320
9376
4008
9451
-5454
-9429
-8178
-4983
9248
-8543
-1748
-5895
-8053
-2066
-8772
-1320
-7053
-2487
3689
5770
-4238
-3070
4204
1128
-2195
6972
1860
-104
-5366
-4820
-8238
1843
-2690
1013
-9103
6639
1433
-7742
-9543
-7511
-5520
8772
7597
-3810
-4363
4747
-3371
8620
-86
-8033
4571
131
-2629
5312
408
-32
-2740
-7418
-50
-9019
-1261
1952
6008
6408
-2921
9100
2109
480
-7058
-4744
3224
-291
-8142
3749
-7686
7473
-1190
-61
-1968
1628
8034
-8375
8899
2622
-1552
4321
6400
4134
6959
1281
2465
9402
6204
7988
-4402
780
-4262
-9314
-9390
9190
-5717
-8011
9510
3495
-5181
-1360
4091
-9412
-6146
-3338
8736
1817
-1167
3021
-2048
2513
5073
9252
-9565
-9320
-5470
4356
6181
-6655
7853
3356
1277
-2591
730
-2036
-1774
-1011
-764
-6531
912
1798
-4141
-381
-4093
-1536
-333
5837
1483
-8232
8881
-5790
-8782
-5285
1856
-426
-5508
-1359
3070
-5304
-7000
2461
-4624
4619
681
2360
7770
-9958
8979
7496
-909
3528
-3217
9537
-8929
5544
-4661
-3542
3119
-210
8507
-3302
3229
-7311
-3832
3374
5969
1421
8911
-9462
7504
-4542
163
-1816
-6098
751
-625
3934
3024
1344
-2610
-3257
-5545
6318
1444
-3295
870
-7329
-3425
1695
-6028
-6332
9891
9550
971
614
7159
-9568
750
-203
8662
5479
-5786
3564
-1949
-8418
-5528
-3406
-4911
4898
-3431
-3259
829
-830
6757
-4254
-9320
6513
-6271
6137
-4788
-1788
5385
137
-2208
-7915
2362
-3633
-8437
-1122
-5043
7856
-8547
-8760
-6977
6869
8632
-8226
2247
-6087
9011
3743
8029
8280
9956
4467
-1584
-9093
-2876
9326
-7099
-7446
-9412
-6636
8515
5192
-8667
1126
-8177
8424
-6983
-4581
3362
-5806
-9030
-6926
3702
7823
-4769
-3512
2810
7131
2565
688
7880
-1809
-8034
3746
6608
6453
-8573
6036
3547
-246
5973
-5127
9989
7281
-1126
-2404
134
-1525
-7339
1439
9978
3742
8639
4954
2478
-617
-4102
4492
62
2442
-6944
7183
150
6024
-2199
-3405
-9577
-1105
-9838
2568
1568
7882
5841
-9451
-3117
-5126
-4082
-6049
-351
2388
8304
3516
5719
5624
1227
-6331
8033
-1499
-7364
5693
-9305
-7267
-2584
4971
-9484
-7507
-8011
6853
5031
-5634
8620
-4256
-5046
-2946
451
1767
5165
-7031
6902
-4595
-3159
-1506
-3189
3384
-9005
-3406
9360
4851
4869
-7504
-6309
-6950
-9675
-4882
-5702
4959
3006
6646
4852
5431
9358
230
-5826
1220
710
-3431
-5288
9396
-9626
-9097
4538
-1271
-9854
7227
61
3520
4238
-4032
-8059
-8255
-2124
2719
-6448
-3793
-1308
-4069
-1550
3693
251
-4708
1277
5560
6423
-9835
1067
736
6134
-9318
6406
9583
5516
496
730
6089
8304
9793
2557
9252
-6868
490
9170
-2084
2256
2446
3405
5065
2832
2731
7669
4885
3804
4213
881
-2590
-4345
-2906
3289
6701
-9449
5648
-3482
-3010
336
7792
-6856
-9837
-5789
4768
1705
4628
5530
-8835
817
-9687
2221
1443
281
7704
8362
44
9766
389
-9811
-8982
249
-3962
-7201
-5630
8785
-6263
8891
-3608
-5888
-7251
1990
-3404
9218
-4878
-4885
9534
3309
-5408
-4874
7316
-493
-3602
7804
7544
6060
2968
-560
5686
5156
-4689
-6650
-1613
239
-5167
8928
-8614
-9512
5723
-8346
-7128
-8523
-8468
9266
-6191
9754
9900
3209
2014
8138
-6211
-5147
-9627
-1024
3483
-4012
-3373
-7360
6911
3398
3386
2583
1081
6014
-2437
5058
-3915
4541
-8034
-9536
6064
-9484
-2187
-8597
8093
9723
-8288
358
-9198
1365
-6640
447
-1181
-4877
7645
6672
2177
-2226
1483
8079
-8491
-5348
-5735
7968
-8873
-2513
5600
-2626
-1450
2584
-8201
-3962
5602
1634
-2853
-3662
-5390
-3172
-6357
-2729
239
3312
8539
4084
-6875
-3666
-4301
-1883
5781
4950
1414
-2875
-6645
-4337
8157
2606
269
-5087
-7695
1965
-2219
9052
-717
3516
-9035
3955
-7619
-8177
-5469
5331
4662
-6145
4044
-3341
-6908
4819
2448
3792
-2870
7292
-2540
-3319
6951
-8300
-516
-7892
-3444
-1774
-3457
8540
-1579
5692
-3357
3337
2370
5105
4890
349
1578
-8513
-7802
5582
-6755
-1287
-8187
-7719
7183
3622
-7656
1907
2808
7493
-1109
3937
3807
-7515
8508
-3001
417
7393
-8116
4935
-2799
2934
5986
-3579
-5651
-1737
-3180
8143
-2445
6457
9969
872
-4331
-9871
-4790
9462
-383
-7227
-5728
109
-2352
-481
6336
-5178
-5861
-7677
9764
4547
1462
680
6996
5442
877
-7350
-8095
741
-9803
-7329
2893
397
7112
-8180
2925
639
3182
9984
3972
-9661
3889
-2232
6514
1291
-7283
2205
-1655
2564
-7891
-3317
-8816
-6652
8075
-4681
-7360
1451
-2213
1100
3306
6471
-435
-8152
8629
4655
-6978
2546
-5272
-8054
-7125
-4973
2738
-9110
1220
8006
-3274
-436
-4005
-1675
-239
9350
-3002
-3892
5068
-486
6
-2872
-1380
1479
-3213
2938
1081
-7881
1785
999
3443
-903
-3481
-9328
832
-8449
3325
-2505
-1757
8188
-5987
150
-3511
-8946
1488
8884
331
-3420
-983
-8255
4078
9742
3200
3412
2819
-511
-6248
7729
-6240
3289
2792
7029
-4479
8990
-4143
-5527
-9094
2680
2267
-5403
9964
-6501
-8325
6955
-2874
-3556
-6612
-3320
5773
-4433
1516
3292
-5973
-4322
7253
-5167
-2022
9135
-2248
-9964
481
-1207
1750
-2302
8753
8281
3695
9943
9199
-2865
4911
8455
-8942
-5793
6712
9038
-7587
4268
-3495
-8279
8040
-805
-1433
-8881
70
-1590
-435
4653
-3016
-6316
-8753
-9577
-2750
5681
7143
3315
-9276
-4307
-1764
1762
4152
5931
9925
9678
3303
8667
6478
-4621
7875
8182
5353
-7090
-4203
2878
-8490
944
-731
-5376
-9105
773
-6589
-3109
-7126
6817
528
-12
5030
-4178
-1197
-4674
-2114
-8760
6614
781
7162
-9714
-7138
6453
7717
-5448
-1057
-6017
1146
5982
6772
1029
1086
-2484
-9946
-3547
147
4283
-3254
7994
-3355
8311
-7332
-1178
3283
-8697
-4354
-6598
-539
5769
-8899
-8598
-5889
-9527
-2843
-2292
-4047
3987
8196
-579
-545
-5893
9078
9663
6261
-1674
-4006
5337
4728
-5828
2722
-1055
361
4141
-1633
7994
-5759
-9963
-1327
-3697
470
-6202
-2149
-9879
1733
3800
153
-1825
-588
-4752
-1503
-5212
4711
1254
-5212
9153
6494
-6371
-487
-1373
-7600
-6424
-4594
2524
-4173
1451
-8830
7286
5387
4929
7207
6190
-297
1841
-1640
645
-957
5793
9123
8468
2186
1110
-4065
9391
-2034
-2561
4259
-6952
-5021
-8941
-3112
8893
-4070
7308
-2351
-2569
-224
7632
-5153
9415
9252
-8669
-2090
-9629
-9967
-1816
-9424
5923
9931
-5781
9606
-7032
-8527
-9383
8636
-1074
-8572
9874
-5466
-8943
6078
-2497
-5801
3731
-2901
-4684
6965
4202
-2440
-7651
-1445
-7383
-9868
4158
7104
-5745
5020
-6825
7590
-4356
-8954
-2538
4620
3715
-8068
-20
-2476
-8071
-3771
-997
2622
-956
-2517
-1028
-2474
161
-6571
5718
659
4691
-7531
-162
9218
5820
7507
-5398
-3782
5433
4670
381
4412
-5657
8618
-4196
3504
5989
-6708
-8308
8670
789
-4431
2975
7678
-8825
-9020
2310
3654
-3192
-8044
-5566
3758
-3599
-9086
-2109
-4798
7892
-2066
8659
3158
6144
-758
-6661
328
3756
5013
1954
522
5536
144
-3455
-2205
-140
-5946
7160
-8354
-8971
8287
5160
6647
9879
-9261
-5613
-2112
-6176
-7058
-8988
2076
9224
2864
-6608
-4697
-5273
972
439
1554
6058
-9725
-6496
-8968
-9242
-537
3218
-9507
1446
732
-4339
6462
-3196
-528
-4582
-8646
-242
2592
4951
8293
4816
-5752
5946
-7399
5610
-2464
-9655
-3386
3301
6277
-6913
7916
-3100
3341
505
-7914
-2644
5231
760
-4036
-8431
3262
-7689
-3604
2409
1699
-9151
-7641
-294
-960
-5855
-3413
-1533
5047
-9818
8136
-4087
5194
7527
-5699
-8378
6521
533
-3157
8039
6846
-9580
6288
1778
8921
-671
7984
-6386
-8396
-844
-8349
-146
-7165
-2407
8985
-8628
-1908
-7969
3248
163
2116
5270
-7338
-8657
59
3408
-2181
3964
4259
6568
-7099
9379
6309
8635
-1376
-9746
-3471
-2044
-2572
-5187
679
-7136
6844
-5146
-7063
8869
515
-4107
8077
6694
-5605
1732
-1488
-2776
9034
4113
-3229
-327
-8159
-7560
-383
9593
-6755
7138
6784
-5603
8540
1641
-506
-2358
-4476
-9646
-4086
-2981
-417
2086
6189
-6832
3618
-4992
7199
-2156
2048
8012
2833
9180
-5133
3811
-3143
6744
-5527
-2553
5261
-8879
-7061
-1512
-384
4419
2044
-2119
3859
-2392
-3748
6593
-9142
-4151
642
-2432
8949
9417
-1149
1467
-7519
4468
-3197
4081
106
-9606
7820
-5126
-7651
-9099
6888
8080
-8886
-7958
-1639
-4163
-782
395
7620
5302
921
-8211
-5991
-6367
3810
4915
540
-8777
-2982
2396
2475
-2769
926
5084
5395
-252
2751
1969
-5160
6222
3113
-4110
-1505
3823
9294
1006
-6147
-1568
8575
37
-3881
7027
-2647
-4938
8335
2103
2279
-1341
-4168
1214
5624
-8989
880
-9269
4728
5946
6632
-5467
3928
-9501
-7493
4130
-9509
-7252
-3662
-7914
-992
2651
3374
6341
1691
-1390
-5168
-8851
-9733
-2957
-558
4223
949
-9350
-7512
7290
-547
3188
9543
4079
-5216
-2819
-8055
7198
-1819
130
4223
-5977
1859
-9141
-8710
5665
-3090
-690
-3350
8577
-3909
-9741
5992
8420
-877
6318
9934
-6786
8292
-9706
9563
-6788
1619
-3506
-3616
8162
7853
-8696
-6798
-7475
-2904
-1568
-8721
9820
-3831
-2945
-3687
5118
4729
-6241
8289
-7630
-284
-8657
8776
4239
7506
1121
4561
-979
6317
4596
7782
1383
4587
-1684
3300
-1091
900
3017
-996
867
-3081
1850
9076
-392
-3226
-3458
5261
8722
-789
4492
1367
7001
8735
-1447
9854
8436
-3683
1279
2369
9597
4115
-5974
596
8245
-6240
-1179
1516
-4198
5086
287
-674
5725
3667
1984
2802
-7360
-4265
-6435
878
-1149
-5903
9186
4359
6285
-9307
1445
-1629
-1262
6332
9332
107
-4056
1440
1534
4852
9197
-442
-4418
-3587
9888
-5767
2829
-3438
2984
6603
-870
3232
9432
8510
7699
-7667
3699
-4062
-4296
-9077
211
4338
6049
8649
6053
9144
6324
1731
9346
6452
3896
6807
-9726
3416
-6632
-3651
-4376
-4734
-6534
-8961
1944
8547
571
-7398
8758
-1168
2892
9539
-1403
495
381
2759
2011
2187
2387
3044
3558
-343
7624
-6816
7085
-4373
7273
3782
-3954
445
-8004
-6058
246
7148
-3712
-1845
4162
7796
5048
9690
7019
564
2798
3001
184
7312
-1835
2409
9739
-4907
2449
8425
7881
-2516
6046
5339
8460
5584
2324
3723
-6847
9868
-8940
3515
3325
8441
-3240
-6565
-2936
-7329
-929
-5206
9912
1327
-760
8806
1634
2070
4159
3861
1520
-8093
4333
-9597
9811
-2214
-8442
-1079
-9150
-5510
-7090
2140
-9647
-918
-9981
-8712
-5390
-9241
3963
-7371
-9774
-5990
8098
-6980
750
-1799
6238
8370
8755
6210
2518
-2328
-7082
-8909
-7056
-2238
-9253
6355
-2698
-6827
5061
-3310
2731
474
120
4010
-2742
-9642
-4599
7118
-3263
-9688
-5387
1911
-2668
1330
9811
-5409
-1547
-6324
3088
-8396
1183
-5255
-4297
8182
439
9158
318
-9083
3349
3403
6643
3670
-8994
7378
-1773
9170
-7463
5842
1170
-7423
8580
5396
-3912
9967
6349
-60
7567
6862
-3232
-3765
5603
3558
-9062
231
9885
-9739
4963
3860
6117
9958
1396
6655
-8240
1999
4708
2403
8120
-3530
3175
-7104
-8502
7531
-8336
9946
-7151
-1083
-3619
-9253
7713
-705
1311
5950
3261
765
5334
8698
9356
5989
-6064
-6884
3307
699
-6858
-5986
6151
5410
4014
1004
6490
6034
4239
-2514
-5836
-4338
-1884
-8736
8258
-8719
9332
9401
-7562
-6629
5106
-2756
9457
-4239
-2399
9353
9839
-6673
5825
2102
-5162
-9245
-4001
8036
3783
-416
5897
-9439
-8750
-3093
897
-4598
9247
9602
-5808
7389
8681
4421
8999
6942
-878
7313
7205
1305
-1332
2834
-4650
3059
-7010
-7664
-7476
2290
-947
3045
5970
1480
-4418
-5426
8349
7451
-5705
4280
-1407
9729
-7280
919
-2811
-1802
-7082
8949
-6495
9613
-5709
-9209
8844
7129
-9825
-4581
-7557
3651
39
652
3876
2568
4004
-6347
-705
-1897
-1776
-8502
-1062
-6860
5365
4713
2795
8987
-5149
-2857
-4450
-7992
-8313
731
-2991
9565
-2359
1835
-8127
3666
-2369
6635
8189
-8258
-9398
-3030
-8015
-6875
-8235
5319
-4757
5189
-9119
-2673
5666
5699
-401
1984
443
6631
7745
6493
-5052
9707
1859
4885
6387
5106
-7221
-394
-7209
-7648
-4742
-6393
8622
7431
5189
2248
-2786
-9723
-1732
-6076
5345
-7031
-4999
-8360
8888
-8131
-7896
4983
-6079
9277
-1758
8881
1946
9305
8371
8975
-192
4054
8376
-6372
-3317
-1467
-2915
-2843
-937
3484
2696
66
6362
3262
9548
-1740
6638
6781
-6683
8736
-9891
-9733
-4611
4580
-4834
-8493
-2654
-9041
-4104
8868
-9046
-5277
1416
-6579
7330
9855
7819
6902
-7536
-2462
-3720
2501
-6270
6991
9498
2916
-5571
-2220
-2179
2635
5830
-8460
9438
-6698
3273
3132
8354
-8741
6309
-3942
-7771
-5264
-3103
-9217
-2042
8144
4407
-8471
-8852
522
6764
-546
-7152
1750
9604
-7803
8376
4995
-4101
8737
-7687
-7584
2474
-6312
-2759
5828
-4051
3210
-8798
-6362
8620
4033
9082
626
5478
-1220
248
-1459
4819
-91
-2449
5010
-3230
-5693
-8743
-4664
9631
-4272
-9811
2703
-8965
3217
2089
-5146
4686
-8028
1911
-418
-7681
5745
-6412
9405
9608
1998
-333
-7923
-4489
-4482
-1849
-6782
1414
-9301
-7882
4785
8519
-6671
8208
-638
8466
378
-2224
-9358
5566
7175
-3299
2087
1729
-6407
-7292
-5136
7090
9489
-3830
3159
-75
9056
-6315
-6759
7593
4734
8490
5255
54
8674
-9455
-8625
2555
7058
-8604
4851
-565
3306
5341
-1719
-3026
-9771
-4900
7362
-6681
-2792
9037
5869
8562
8906
6021
6253
-8469
-9766
258
-2512
7434
-4872
-6198
-2750
-8440
5074
-3397
9090
-9580
6719
-8621
-6132
-2637
9353
-7821
9805
-1576
9981
4119
-5220
-4492
-2983
1046
1801
-2713
-1187
-7049
5227
4287
3440
6685
5842
3166
120
4215
-9515
7885
-476
-23
-6645
8783
5403
3813
-3250
-2008
-914
9841
9018
3263
-9147
8529
-4397
9390
-2569
-9857
5213
6126
7608
-7573
6056
-2221
5680
-4375
7140
-484
7641
-3301
4404
2840
8135
1330
-2604
3001
-6677
4503
708
7984
-8404
-406
-1040
-1756
113
5163
-7878
645
5539
-2937
-580
-8184
9287
-6795
-6714
4586
9419
-8627
-3965
2602
6934
1557
-770
2402
6786
-7339
6401
4731
8890
1781
4338
-9625
7593
8768
3632
-1110
9825
2199
-6773
-8915
182
3140
7183
7608
5712
9485
-5829
627
676
7444
1157
-6817
6277
1077
-7493
-5031
4676
-8833
-7594
9948
-7580
2021
6760
7538
-4944
444
7850
-3052
9131
4692
2257
9691
3407
-6435
3610
8781
9249
-4957
-9641
-4316
-290
-6180
-8555
-4937
-2051
7913
4951
388
5817
-9292
-244
-3009
-9177
6026
4978
-4799
-4447
7573
9319
6008
8315
33
-7114
9429
238
-9073
737
-9265
9078
7629
6497
-3990
6874
2632
-2056
-4775
-5132
9131
825
2859
-4111
3309
1689
-7878
-4954
-8418
528
6849
-83
4908
-9696
221
-7536
978
2807
-7329
-8164
-4495
-7067
5556
8876
-3249
4745
-8476
-9201
1157
-3375
6879
-3074
-9258
-5644
-1766
-7694
6884
9021
7331
-2000
-254
-5917
3624
6697
729
-5458
49
9860
-7367
-8583
-7272
5595
490
-1293
7673
-3590
-2847
9068
4872
-4650
-9803
739
-7026
-5892
-7384
-7067
-6888
7214
-1954
-8451
5306
-80
3638
7506
-2909
5564
-4384
-7756
-2894
7163
-2592
1985
8016
7038
15
-2878
-9316
3569
7522
-8617
5174
5424
6711
-6207
-396
2289
-650
-4142
7080
-2673
5008
-9204
4886
2820
1015
1813
7908
-7148
-853
5845
-1432
2971
9453
1097
-5928
4928
-1067
5257
-129
-948
8475
-8489
101
-5477
-8924
-2331
-6647
-9580
7305
4841
-8794
-646
-1895
-4402
1102
8382
-2476
6394
-2673
3149
-4530
6945
-7247
-8554
5996
-3154
6620
-1659
7545
-4388
9447
8655
5034
-6411
5369
4556
-5290
-9509
-9294
7198
3048
-3526
-1855
-8548
-341
6340
-7873
-7732
-559
3050
-9322
-6882
-2411
6436
-8950
6790
5917
3899
-6471
-6131
3578
-1814
-5
2252
6492
-1861
-6544
964
8850
2042
9929
-1078
-5166
8299
9638
499
7393
-9720
246
1812
-1014
775
-5111
4580
-6651
-5184
3191
21
6551
7575
274
-7615
1719
-5876
3383
5195
9459
3492
-9313
1487
-3590
3260
-3563
1570
9746
2409
-7905
36
3019
6743
4202
-8723
7515
-8706
-1225
4380
-8628
9384
8932
6757
3038
-6792
8967
-2737
2332
1863
-5418
-1839
-6945
7745
-4610
3232
-8814
-4227
-5502
-6753
-2801
-8119
-1604
2645
-9032
9300
-451
-9407
9840
-6867
1143
3051
-6458
7433
-43
-5795
1833
-147
5332
-6363
-1789
7007
1500
2724
1285
-5092
2652
-9167
8140
-6213
-3125
-8860
-8353
-716
9393
-3876
9798
2079
-8759
-7696
-8164
-1684
539
280
7846
-5785
2153
2006
-9819
4594
-3497
-8112
-469
-7331
-2814
-361
4376
-1923
-8441
6917
-807
-977
-3105
3754
15
-4092
461
7431
5322
-8532
7958
5185
5968
-2131
-6228
-2506
-972
3549
7332
2466
-7094
7947
-5471
-6026
-8174
-9652
-7282
8572
892
7793
-7123
4019
-8546
-9453
-764
4948
2617
-631
-162
-8367
-3692
-2290
-6748
2595
7373
-1325
-2218
-9498
-693
-5805
-2013
2173
7019
6601
27
3260
-2242
-5346
8605
3303
-7819
6451
5416
-1741
-9480
-6885
7652
-834
9
412
1522
2905
-3506
6250
7154
-7078
1625
-8675
7651
9907
6148
8100
1365
-4477
-636
2449
1912
6796
1417
6909
-6666
8620
1827
6769
-7734
-5990
-8061
-4822
-4687
-9903
-3915
3594
2516
9975
834
7914
2561
-3386
32
-2814
9812
-7946
6829
-2023
7968
6619
-7878
5308
7277
-1041
2021
6924
6526
7344
-5556
2743
-8626
2778
2706
6335
2301
7632
1312
-2162
8630
1171
5899
-8807
-8092
-2547
-1608
-1440
-4824
6955
29
2451
-8193
-9603
-2519
-6123
-1634
6246
14
-1327
8537
7449
-3587
7879
-3429
3499
-2305
2848
-2748
-8086
-7610
-7930
-4974
3549
3915
982
-8552
-7304
-9774
-2250
5127
6777
1642
448
-4633
-2226
-7698
-8918
2444
4097
4036
-8069
4215
-1784
-4032
4700
8648
5657
2690
-2678
-3638
2590
-9184
3843
-8539
5488
-5188
1530
-2295
-6311
9078
4209
-3944
-6187
-1303
6199
-5938
6903
2444
726
-9687
272
5805
-401
-2685
7941
-6637
9189
9757
4716
3698
7472
355
1224
-4144
5342
8715
-6826
8412
1537
5689
2406
-9817
-9439
-1536
-7716
2370
-1335
7683
4601
4374
-3980
1296
-3684
4739
-2350
8246
2992
9223
-8800
-3966
3462
7174
-2972
-9853
-53
4164
9949
-1599
-606
-9225
8762
-5039
3200
4153
910
-242
2524
2813
9694
-3305
9768
-9029
6085
3380
1700
-4586
5559
-743
-7749
9512
-463
5823
2047
-6226
-2512
1097
-4724
2987
-3602
8862
1757
-2280
-6515
1669
-137
-9581
4730
5127
-3370
-9876
8545
1697
-5857
555
6411
6516
-148
-602
5746
6244
-5258
-1736
8763
7495
4811
-7176
-9227
-5135
8233
5677
-9445
-5443
8567
-3664
3913
-1084
5396
-2640
4858
9995
-6567
9363
9955
5898
8736
2377
-2846
4419
5972
9831
9910
2348
5927
-4990
9301
-2947
-8731
3786
-8536
-3889
6123
-7973
507
7485
-2804
9410
-4428
4687
-7438
1628
-3363
5303
-7534
8445
-6476
2585
-9068
8483
462
-3049
-9742
-7980
-9430
-8520
-8191
9722
-5123
6191
5975
2898
8709
2661
-9626
-7909
5342
3264
-5183
-7633
7484
-9829
9767
-6385
6069
8650
9736
3959
-1827
1299
7640
-1047
-6357
3668
-6048
-4323
-298
-6918
6047
3180
4842
-321
306
7045
-5771
-4563
-524
-1437
2952
4514
-7034
2292
-8014
-501
5413
-4095
7588
6196
8092
8265
8302
7311
7558
2593
-616
-9958
-1124
2952
792
-9176
-3242
9495
-1246
1906
5863
-5461
6134
1837
6086
2606
9642
6338
-3830
5065
3572
9521
-6002
-2224
9643
127
1079
7148
-6560
-168
-6877
-5772
2334
-580
465
-9629
-9210
-5183
-813
1901
6981
4776
-3213
-5190
-1618
-1784
-6103
-3196
-9696
7394
3052
7715
4628
-6762
9248
-7187
-7484
-2943
2912
-3095
5009
-9971
-3734
-3888
-8755
9032
4861
-977
447
6120
152
-9147
-5771
-5929
931
-8735
-3165
-7349
5390
-7568
-7144
8638
-3555
-6516
-2218
-640
8976
-3227
8691
-9781
-5330
-8225
840
-8693
7207
677
-1938
7339
-8172
-4791
-7491
4213
953
3552
9465
-3822
4116
7849
-5733
-642
-5286
-5122
-6058
-2749
4394
8116
1668
6152
3642
-2807
-4158
6067
-3676
-7493
-2235
-5016
-9235
-2462
4403
2726
982
-1505
-2445
-8359
3885
2124
-3717
4063
-9171
2502
-1216
-5385
-9907
1387
9646
1288
6362
-7677
602
-8959
8315
-309
855
1403
-984
-9596
8266
-9236
1560
-3125
3745
-5470
-6077
-6860
5739
-2416
-4096
-7732
-8890
-5043
189
5042
4417
-1953
3724
7956
-4076
-2415
1343
-2321
-7980
-5937
8775
8656
-2715
1532
2822
4529
7470
4033
5819
-4181
6150
-7824
2244
9444
193
-2630
-3029
-6636
-9424
6413
-8830
-5226
7348
-6789
6988
7394
7086
-8477
6988
-2247
-3971
5020
-8465
-4594
2602
20
-4357
3279
-2982
9915
-2036
-9586
-6270
9935
7006
-227
3429
-8498
1186
3647
-8228
1290
4183
-9033
-2881
-5308
-676
1475
1397
-8059
4496
4888
-9737
5779
-307
4983
-5639
8840
3562
-9197
-912
-582
5085
-1735
-8211
7031
6945
-6941
-6066
-6351
-958
-2777
-1358
73
-7846
8272
2946
478
6684
2591
-5266
-5348
6945
1727
5614
9583
-5358
110
-9986
-5736
-5562
8548
-5452
-7818
2771
-720
5819
2446
-2133
1020
8372
1640
5855
-4570
-57
-4575
-8873
-8093
2003
-271
-7099
1047
-3429
9907
7525
-7207
8399
-8712
3279
3723
9751
8529
-3998
-5656
639
5529
-7623
-3396
-4876
5457
-4888
1710
-4575
-927
697
8045
2992
-6957
5125
1231
5196
2109
-4938
-159
-649
6130
-9889
4328
6227
2566
-2625
7937
2439
9687
-1583
-1363
4836
-4858
1245
-8486
7171
-5839
3036
2216
-9206
7550
5375
-5512
3670
2832
2262
-6044
-1075
-4819
6721
-846
2727
-5806
-7230
4934
8149
-6918
4367
6177
-2653
-9714
-9256
977
-6985
4267
6821
2094
7339
-6498
3905
8591
-2457
-5851
7384
1613
-7685
-4099
2039
834
-3101
7182
-8885
2617
-5668
-8593
-387
6958
-7921
2995
5193
-1593
2462
4914
-8305
-2865
591
-1297
33
-9342
-8308
7226
7477
7959
7663
-8832
-7646
-48
8347
7788
-7379
-8425
-4953
-8472
-4780
8089
-6077
-5982
-6506
4692
-9279
1930
-370
-99
-9004
9936
5285
-9852
-6407
-8224
-950
9159
2433
-7858
-4837
-73
8001
4730
4104
-2557
-4346
-65
2989
9577
-4855
-463
7926
-6041
-1816
9887
501
-5950
1139
8069
8938
103
-9908
-2165
-8356
-6179
-3559
1019
3323
-7034
-4590
5405
2682
5466
3989
4816
-3305
7565
6237
7211
-7364
-6257
-2501
9058
-1908
-8062
647
2934
-9066
-3719
7707
-856
8789
-2369
-4902
-3636
270
2752
-6155
-3454
-507
2911
4584
2801
5430
1929
-3333
4281
5246
3652
-1646
9535
1198
4337
9612
1449
1167
-963
8933
-8731
-2395
6769
-8789
3506
9561
2061
8230
2950
8569
-6151
-7019
-5218
-6372
8442
-722
-2388
9246
-9788
9039
-2789
3813
-2938
2591
8995
3079
646
-5745
4413
5156
4149
-4105
-4898
3937
3387
1735
-5936
8458
4480
627
8287
-912
-8483
-7459
2684
4434
4828
-7043
-6774
-6226
-5463
6181
9588
5987
5420
-7456
6080
146
6269
2741
-7184
514
-7483
-4818
-9256
1705
9109
-9574
-5808
-1349
-6896
-7104
8643
-1905
-107
4548
1981
2454
-8704
-3214
2509
-3405
4512
8632
6398
8932
-591
-343
1478
5686
-6186
1280
6359
-2419
8932
3831
-365
7434
-9594
-6771
-6382
-8717
-1842
-469
-1617
6327
599
-4818
-3941
6344
3906
-6345
-6195
-9790
-2057
-8560
416
2975
1464
-218
9671
-1649
-4421
-3444
3415
735
-8383
3929
-4632
618
8386
7548
-4745
8895
9216
-3146
4494
-6406
6003
3082
544
-6436
2587
-4640
-9645
1689
-6497
-84
-2174
4718
5759
43
8435
8682
1383
6009
488
-4829
8257
-5185
-5340
398
2825
395
1159
7104
6298
7569
-5250
-1597
3376
-7864
9673
-7367
253
4957
-3454
9443
-2997
5420
3340
-114
9092
4193
2857
-2223
7635
-6722
7593
2068
-3269
-9354
4122
8722
-723
-1152
-5274
7152
8805
1116
-1912
-7275
-1854
-22
-1191
9875
-6998
-1300
9594
706
-9373
6861
-3836
4825
-8599
-96
-3015
-5720
9174
5830
-8593
6415
-8778
-496
848
832
9097
-1381
-6706
397
-7013
-2530
2837
-9623
-4809
9449
-7287
6757
-8420
2769
-2588
274
-8943
-6913
-1431
8930
-1266
9373
9475
3138
8657
4084
6210
4454
268
-1629
-1983
2323
3302
-2822
-5936
-9444
-633
4767
-9002
41
-6087
9600
-3857
5920
5437
2707
8469
3676
-3382
-6462
6102
-7857
-962
3744
1718
7447
4291
6638
-1479
-1010
1907
1477
2284
6477
5771
6198
6338
1251
-1134
1708
-9246
-4702
3277
-5626
3587
-6803
-6980
-4728
-8833
-7979
907
-6491
7795
5925
9456
9289
5605
-138
-7890
-7941
4135
4605
9797
-4048
2117
2914
1295
4054
-8431
4766
7985
4233
-315
880
-6958
8016
9193
4337
7638
311
1354
-5189
704
-726
-6524
3154
934
-6631
3915
8858
-2255
-4192
506
-569
-255
5732
-6684
-5025
-6617
-3363
4689
3963
-3709
-175
-2252
-6161
-7615
-5459
-4065
-3666
-3991
-1858
8983
-9771
3060
144
-3396
-6476
-8406
1801
-511
-2174
8716
-373
-3448
9464
6583
-1763
8731
-5758
-8773
6038
-190
6291
2241
-9893
-9343
1810
9788
-284
-667
1615
-4991
-4350
-997
9207
-5254
3496
7939
9204
-6683
-679
6591
6855
-4482
-3034
-8215
-3836
3635
-7930
1852
1903
5593
9122
-8171
-7417
-7747
2488
-760
765
2851
6996
161
6109
-8636
-2281
-8014
-7074
9423
-9254
9778
1198
1806
-6554
-1469
-1325
-1897
-2090
-8533
-4919
4254
8712
-9310
-8079
4050
-871
8091
8774
-5023
1216
-4102
1973
-3598
9323
3487
7491
-4989
-2971
751
-6308
4448
5632
2438
-3126
-6753
-2272
6372
2263
-2842
-5469
9184
-3627
4510
-9734
-6812
-2060
-114
3836
1787
-506
2186
6682
6662
3050
-9629
3651
-1539
-2444
-2800
109
7991
8646
-9485
-7655
3412
4793
9867
-7267
-9074
-556
-5000
3193
-6455
9129
-1538
-275
-3303
4328
2110
-1284
9563
-8600
-5235
4277
5990
-1574
-8961
-6342
9716
7110
-1775
-5572
-2484
-5371
7940
2389
6948
5254
370
-9201
6226
-5157
2016
-1533
4811
-125
9039
4638
-2109
-7477
-3218
-6722
8505
-1108
8528
4973
2872
2297
7988
-1085
6749
-3259
-7435
-5618
-9048
7350
-1107
8147
9066
-1066
8623
-2857
-949
-7964
4008
7431
5754
4945
-3205
2883
-5807
4576
-8300
5060
7583
-4872
4727
8625
1787
2178
4303
1171
9449
-9818
2356
-1203
-614
8746
-8284
-3329
8746
2044
6890
-5169
-8430
4467
-7758
-6434
-2409
-8696
7438
2951
-8623
-1080
9806
1845
3233
3168
-2268
-4266
59
9771
1750
2234
7380
6318
5989
-387
-95
-7104
5481
6181
1352
-8201
-8005
8636
3234
3780
5470
7453
4624
7172
959
-8415
-3728
6569
-719
-5121
2215
1264
3124
-1915
4132
6519
6563
978
8392
5233
9314
7923
-2911
3887
-8299
7799
-8262
4348
9039
5416
-7025
9539
1354
-5810
7660
7669
-8992
7798
5845
-1219
-2136
3398
2775
1926
-302
-7611
862
8670
8757
3552
1867
9051
-3593
-461
9220
1270
5498
-4773
2348
3102
2730
4890
-4426
3891
-4268
2696
2526
-4132
-4846
-9810
-5105
4052
3754
3828
-9278
1242
3526
-6117
-9188
-1526
5825
-2857
9472
-9531
2610
4370
-9399
-2513
-9275
-2506
-1049
4925
-3486
-14
6652
3548
19
-4488
-9313
5193
7164
6202
2228
5850
-2899
1753
-6610
5685
9113
-1621
-9978
2652
-7260
-7334
9058
7513
-3898
-2600
8225
4624
-4610
-7840
36
-284
1689
-2666
9815
2118
-7303
6429
-6426
4020
1797
7072
1915
-9283
5999
2032
1791
-6364
-2275
-1877
6962
-7383
7459
-1804
3821
-3844
-2255
5213
-694
1494
5578
8953
-602
1026
-9566
3412
3487
2984
4023
-7775
-6458
6970
5201
-1081
9280
-3203
2630
-847
-3752
792
2889
7177
7848
-9050
-5768
4466
-2101
-6093
-7737
-8457
-8480
-3245
-9496
-374
-7870
-8551
-5762
-7337
6669
3721
4811
1491
-4839
2661
6372
-152
4391
-1152
4610
-4906
4692
-3829
9652
-3968
-3493
5122
-2061
-9314
9050
7054
-1606
-8188
-9843
-8620
9322
-6593
8479
4558
-6975
-5394
-2205
-7460
-4331
-8460
-5
4871
-9385
-4595
-109
9702
-7011
2280
-5092
4529
-7488
-3642
-3412
8201
-8022
-2433
-3532
7075
-8617
-5626
-5606
6376
-8682
-8671
2870
7677
-1915
-5814
2059
-6174
-6617
-4002
3041
7472
4461
8103
9036
510
4135
-8691
-487
5472
5257
3983
8235
-1454
-4021
-3016
5210
-5694
-5359
7018
4985
1730
-9180
2976
7779
-9584
-9723
-2074
7906
6865
3477
3493
9520
2753
8772
7981
-6180
-3236
7126
5376
-4995
-4792
-7450
3626
-6885
9396
-8629
2
-9681
1448
7926
8754
5295
-2945
-8683
3042
2704
-5157
-4052
-329
-4875
863
-5578
-1035
-9354
-3788
-5071
530
7881
-36
9412
-2907
-1256
2446
-4938
-1329
-8025
5346
-5975
-5015
-2131
6031
3619
-2083
-1205
-2553
6808
-5242
-4145
5096
-2101
475
7359
-9857
-1855
538
2987
-4437
-6224
-3657
6923
-723
-8287
-1729
-5368
-7910
-7002
1132
6039
-1210
4282
-4370
-4922
1298
-8440
-1477
-694
-4835
333
9800
1421
-4863
-6687
-6317
9966
2727
5663
9297
6296
-3482
-9370
-5290
-402
151
-2895
3662
8702
1993
5846
9580
-8144
-7046
-4475
-449
-7236
3148
3425
862
-5608
-892
-5547
7690
-6828
4661
2003
9330
9359
6552
-185
4682
9370
6497
8467
1743
874
8615
4075
-4905
-5468
-5115
-6007
3217
2275
-8770
9824
-1585
-5769
-2389
-4723
-7839
7697
7820
-3237
-3246
-4455
5054
-833
-7687
-911
-7121
3608
9781
1467
5049
-1611
-1763
-3253
-7686
-8796
6660
71
-8853
-8153
-8446
1664
-4846
-1410
-2677
5535
1464
-5154
-6133
4806
-4800
-4371
1497
-9028
486
2209
2754
8502
-3654
-793
5728
-4873
-4303
9520
-378
-4622
-2364
-5679
1526
-5501
5089
3011
-3196
-51
1704
-8870
-5797
9652
-8271
4619
419
-6738
-6251
-3402
-2777
9115
-7415
498
-5385
-7134
-3615
9736
-4961
-5801
9838
9380
-8088
5825
2419
-1373
-1931
4451
8428
-6290
-2998
2940
-5776
2570
-9006
-1366
-7017
-5157
7273
1844
-6101
-6436
1108
-4133
-5044
-3990
-9150
787
3499
-9748
1948
-3496
-9653
-494
3790
3032
-2443
-3042
-1527
786
-7830
948
7155
-5377
6588
6893
5116
8415
3189
-4138
-8606
7417
4652
8026
-3496
-8921
-7509
-5045
-9674
6742
-1566
-6849
-8168
-8518
-4256
-7662
3830
7932
-8438
269
8436
9556
-5789
-6695
6621
-2179
8901
-3452
-6492
-2119
8318
8885
9967
-7561
9461
-3010
-4957
-8037
2506
-9196
8616
2435
-2102
1507
-1086
-8361
8386
3539
-1081
-42
6568
6898
-4838
7758
-8519
3850
2894
3062
-2733
-6261
-212
5979
6868
622
-5212
-3447
-8074
-8081
7743
2963
-9482
-8003
-6382
1746
8742
-3942
7561
7719
7444
-7744
-8456
-8304
1441
-100
-3862
2076
6706
-1379
2812
1118
1374
5149
-2276
4930
4201
8273
-4302
-4607
-8858
-3448
9112
-3965
-4815
-9001
-8190
1560
7071
-4825
-624
-8613
9137
-3942
-8142
-2655
-2012
-5375
18
-4735
3460
93
3879
-1592
8173
-5867
-7304
5724
6911
-6525
-8852
-4710
1073
9446
-9456
1681
-3047
297
9050
-9143
9361
-1433
-6850
4306
-1087
7689
-1579
4457
8043
-408
-4415
-4793
3271
8092
-3696
8860
-5682
-9442
-7806
-9628
8679
-9603
6419
-1443
-7261
-2965
1469
3436
-2364
-4226
-9709
-1939
-9104
-9308
9962
9112
-5283
-1388
-1233
-7239
-4583
9663
1527
5903
-2641
900
2951
1788
-3825
-2563
9097
8424
-7289
662
2462
2077
-6127
-6676
-1282
7427
6702
-4187
-7682
-1317
-9034
-9370
-7243
8608
6511
-7303
2158
8585
-6151
5570
-2461
-4989
1749
8516
2971
589
-7994
3444
-8689
-1432
576
2152
9779
-4446
-317
9650
-4229
-2512
9790
-2292
5791
-7295
6838
-8641
1141
3938
-3225
-5173
-5531
-1341
4642
-2296
7891
-7581
9167
9953
2041
-2956
-6484
9850
-4309
-134
8250
-9686
-5792
1130
-5921
2921
3404
-9837
8006
5849
1042
4901
-9914
-3407
-7794
-7739
2768
8169
-1343
2853
5418
4168
9700
4477
874
-9620
756
8109
1247
3747
9107
3297
-9415
5724
-6273
5088
8980
-8455
3251
-4519
-4060
-3721
668
-6362
1184
-7647
1926
3936
-507
-673
-3722
1822
8628
-4855
-405
-6379
3020
-7307
-9889
3453
-9127
6278
-7170
-7091
-7111
-607
-386
4519
3626
87
5761
4380
-5606
2889
-7229
271
-7460
-9705
5808
647
9822
-1699
-7242
-167
-9857
-1271
9547
-158
-3264
2449
7477
-7813
589
-8374
9921
-5189
-4182
5085
-1308
-9696
5162
7016
5247
-9158
5301
8238
-3622
-5962
6822
2129
894
-4067
7467
2633
407
3201
5653
-1909
-9141
5647
-5155
3886
5911
-4287
2789
-8607
6690
7376
8336
-8911
96
4223
-3424
-527
-7104
-583
8165
-3765
-5875
-7120
3477
318
8263
8303
7327
-4310
-6043
-6159
-2635
8750
-527
4341
9806
1372
7023
-2462
-8515
-9873
7689
8912
7013
-8048
-4663
-7611
1842
8645
-8950
-1183
6230
-4760
-9151
6246
4767
-4926
-8677
-179
-8521
-3384
-9942
-1037
9920
-5503
36
-3657
9281
3901
-7870
5367
-9005
-3290
7233
3241
-6483
-8305
6845
-1805
-207
-2677
-3277
8142
-4678
7539
8225
-6629
-5198
7405
2006
-4723
-5873
-7175
-4187
-7839
-8966
-4330
-6898
537
-1045
-3212
-1058
41
-5426
9998
-5958
-2784
5082
3917
-5359
5392
8434
-6460
844
-9868
-1892
-7088
-6952
-1337
7241
7426
9579
-945
4615
8361
-9751
-6123
1072
-990
-4245
-3433
3104
-8851
-3449
-113
4161
-5427
18
9596
-1233
6424
-4665
-5601
-659
3838
-1195
-988
-6302
-7914
-5094
6914
-5950
8813
-3521
-7601
4499
3251
7019
-5877
1091
-1901
1881
9204
9408
3577
3809
3531
5874
1739
-8740
7368
349
8381
-4111
1350
-5002
-9363
-8719
2630
3934
-9542
3195
-3034
-6740
-2012
-4803
4919
1715
2085
8121
-5129
9094
-617
620
-2604
-5
-513
-1760
3992
-1289
-8928
6946
1034
-360
-8683
6107
-6842
819
-1614
8754
1270
-7689
7683
-638
3526
3585
-9056
1371
-4247
3220
-3121
31
73
-5502
-1264
67
4802
-7110
-3362
615
-153
7831
752
2193
-5324
326
8355
-5828
-2969
-8634
219
-2528
5332
7153
3846
8466
7667
3655
-5130
9048
-9499
-7302
4106
4702
-405
-6502
2800
-4601
-6692
-418
2726
-5685
8268
3205
3337
522
-7036
4718
1457
-1118
2521
2166
-257
9022
-5598
2665
-7582
-2270
9980
8357
3476
-8913
4947
7168
-5618
-5679
862
-76
6741
9675
-6723
5741
3885
-3001
9106
3310
-5559
-9827
-5659
-6935
-5472
-8436
4785
-9427
2593
-6447
8280
3308
1201
951
653
1043
9287
-3895
-7645
-7760
9499
4345
-9061
4491
2916
-9706
-6451
-7093
-3685
-9400
-8625
5146
5855
7627
-301
-6305
3175
-8062
-1114
-5615
618
-5938
-7756
-819
-6002
5624
3638
8973
-780
123
7998
155
7045
-7794
1433
-1064
-8595
4810
-6487
-7985
-3848
6496
-4116
-700
-5852
-8594
1497
-2959
-5033
5314
-7225
-628
-7201
-4637
-249
2581
-8753
6669
6862
-9084
-4871
2410
-3438
-9802
2075
-2115
-5337
-9771
9057
6611
8662
5433
9479
-1473
6481
1318
-5628
7560
-6077
-1845
845
-9945
7065
-7832
6681
4511
2856
-652
3917
-6826
-8980
-6452
-8525
141
2459
-9386
6672
-6584
-5338
1709
-7340
6520
-8697
-8006
-3098
663
1931
-2889
-4602
-8645
2473
-6756
-1594
3272
3003
1837
267
-4565
9030
2658
-6882
-7099
-6448
4537
5267
-7747
9749
-710
3782
-6681
7760
-1818
-988
-7273
-6708
-6557
1777
-5438
-8876
4544
9523
-7656
4091
-7133
-5896
-5528
-3033
-7089
8503
2357
-1521
3596
119
-1149
3233
-3283
1316
-815
835
3409
9557
9297
-8797
6197
6130
-4169
1494
-9487
6565
7017
-8683
-9673
-4585
4019
7783
8985
134
2100
-4713
3262
-5605
-5815
-2665
8867
-758
-5153
-2455
6267
2723
-7654
3276
9955
8517
9765
7411
-4989
2634
-7667
9929
6895
7918
4153
-3014
1263
-3843
-491
-7636
-9856
-4430
-5658
-2829
-8099
9129
4287
-7527
62
-4535
-772
-8180
739
2945
-3985
-9782
7268
9150
4100
-9563
-6246
7045
-4825
3025
6894
4196
-383
-471
-9968
304
-1803
5956
-3241
8471
-3705
-6718
-6615
-9862
2573
-2401
-9637
6743
-8744
9009
4917
7142
5668
4373
165
-4209
-7661
-5717
-3884
5304
7092
-3842
2154
1292
5901
4595
6131
-2755
1301
4814
-2104
5052
154
-6805
-2181
-8631
-8148
3414
854
-14
-3749
141
-2454
-6056
-4986
-2753
4672
3878
3301
-5463
-9018
-881
-6461
-9298
-969
473
-4054
-4389
7923
-9795
-8780
2837
-2036
-6855
-6980
2365
-6707
5575
-5245
-7041
-6072
-5375
8360
-1010
7534
4178
2667
3607
-8323
-7047
-2336
-697
-5531
-9465
-5151
-1744
-3348
-9030
-960
3691
-5371
-7874
-1547
4363
4289
-7262
7025
1066
-161
-5637
1141
6276
9941
-2246
7293
1835
-6693
-8046
-1746
5909
5174
4122
-4141
4244
8792
-9298
5969
2010
-7758
-8833
-5896
8474
-8045
-1811
3762
3077
-7280
948
1556
344
-6903
-576
7169
257
7232
-5002
3587
-1326
-6538
23
-5628
1343
-4817
-5464
-9811
6538
9484
-6455
5717
-947
4908
3410
4499
-9563
-1121
-9192
3496
-9857
-5658
-9059
4074
2906
-3585
2360
6143
-1104
-8830
2719
4689
-6184
-399
-4494
-1473
-8458
-7739
4124
-5042
5018
-3659
-7601
-9585
2091
-8967
-3605
-2452
-560
-8333
-6664
5473
7235
1475
1320
-9411
-3322
-4031
1761
-2273
-2566
-7240
-6005
-742
-373
-4766
2472
-1727
9588
3012
-6476
-6654
-9850
9318
3739
3276
-3047
-7464
6200
7592
2448
2545
-1844
-422
-7906
2092
4232
-1693
7367
6996
-7873
-5418
7119
8574
6891
5249
-2318
-9817
-4816
1686
9463
2975
-1008
-4961
-3513
3705
-7753
8816
-7785
5229
2648
3955
-3928
-2400
2326
6141
-3771
3691
-6062
6281
-6051
8279
-4363
4811
356
8490
5456
-7939
9963
-288
-2625
-8850
7902
6527
7312
5828
1890
-3391
-5465
9184
-1680
-6217
-4062
4362
-5145
4068
7662
-3543
-6273
8136
7832
5576
-166
-8199
5710
-3958
743
4937
3371
-6332
6510
5059
5493
-4378
830
-2041
3121
9737
3188
-3388
-7970
3663
5471
3074
-9582
-5429
-1520
-5251
1166
458
-4885
4608
-5504
-6655
-3794
-7208
303
6903
7271
4655
292
-6720
1772
3624
306
-2697
-9162
-4068
-779
-7397
-8527
-7823
-275
8229
812
4339
7780
-1426
3502
-1739
-9943
-5239
6505
-9908
4445
339
916
370
-6513
-3166
6332
-3350
173
-9615
1910
-5712
-9584
1849
5799
6305
-9760
483
9735
2751
-1670
6614
1736
-83
8337
-3297
3877
-1064
-155
-7143
6957
-6866
4432
-7139
3239
4170
584
-7918
-9805
7807
-5500
7509
4848
8764
-4276
3133
-6021
6376
-3646
-5840
-9782
-3946
7199
6965
-8946
-4612
2166
4863
-2159
-3792
5672
-2206
4020
-6390
3315
-5768
-1733
-5920
8395
9730
-2552
7598
3188
2875
-183
8278
8200
-3468
-6088
9612
-6735
5461
-5125
-3419
-5856
-3250
-6751
-8767
3208
-6124
9811
1132
-6185
2546
3881
6164
-3379
3141
2685
7606
-4785
-4011
4494
7489
-3632
-6113
4315
-427
988
-7111
-2999
3342
-3402
-3277
233
1088
-5537
5951
5992
3425
-9459
6392
-5421
7028
-740
2923
-4138
1651
-1151
987
2783
-9710
9585
-7175
9322
5136
1608
9477
-7329
-6419
-9457
8865
-4720
-1979
-1779
6956
-5435
8926
-5331
-5964
-9754
5704
8989
6896
6627
8900
-4776
-2783
6863
886
-2731
-5897
-8994
-8368
2073
-2939
2737
8189
-9015
5937
6769
-9411
7177
-3615
-4827
-4813
-486
-3740
9248
8777
-7563
-6885
3601
-449
9116
-8801
7415
5701
1305
9560
5388
1315
4462
-4478
2147
4789
-3156
5670
1256
-2885
3381
-2875
-4160
-1421
8280
-869
4726
5921
4897
-865
1864
-1183
-4358
-980
1441
-1045
-915
5351
-4043
-2993
7203
1071
-9871
-4947
-276
-3507
3175
-4367
6087
9065
754
9946
6618
3846
9270
-7574
-1232
-4452
9896
9104
8413
5713
7387
-1293
7413
2141
3919
-3200
-908
7992
9501
-8961
6207
-5015
7076
2989
-8742
989
922
-7898
-7438
-9000
9233
2107
-4888
-2900
-6247
-8081
3260
5778
-410
-6314
-6294
-4811
390
-6690
-2536
-8274
724
9220
-4463
8215
2148
386
-203
7459
-2505
1384
6720
2706
-3455
3401
-4310
-9177
-408
-1852
-2815
5634
4882
7040
-3996
4343
-2743
4963
4336
6247
2073
-5330
2879
-8614
-916
4760
390
9180
-7888
-9899
-8494
1512
3045
-6836
-3683
6035
-617
-8393
4621
-7285
9484
-7719
-8498
5173
-1442
-9911
-8414
-6618
-5986
-9545
5113
802
4759
4453
9598
7241
-7387
6017
-2989
5802
-8318
5021
-3181
-7407
-879
3923
4323
-5138
5724
-5413
2689
-1703
-9784
4497
5204
-7540
-6332
-8008
-1417
-270
-9846
5297
2177
-3221
1458
592
-2590
-9577
-5458
-4256
-8232
-7327
707
6116
-4732
-1845
-282
-3578
-521
957
-5644
4541
9210
-3220
-9679
209
-6368
2137
-6049
5607
-6576
-5500
3132
-4887
9417
9078
3288
9078
-286
-9250
5117
-4195
-5596
5917
-9169
8213
-4257
6664
-7381
1075
-6240
-3492
8697
8789
-9058
-8295
6923
-7129
-9162
-3838
6736
-8062
-2350
49
4633
-2103
6661
8718
6363
-4206
-7739
-5811
7211
-3765
-3915
4197
1639
7396
-2001
7523
-4506
-9341
-2420
6461
-5239
-9438
1995
-9576
8960
-1128
9360
-9875
-9852
4358
1265
-1889
6287
-4807
8672
-3993
4256
-6369
-9532
4321
7999
-1082
9605
-6265
-4215
-3758
417
5572
153
7290
-4234
-8947
-7016
4448
1955
-3781
-8065
1492
-3920
-4869
-8044
-8301
6935
3668
-2400
-8758
7630
-1883
2039
1779
-6967
4977
426
-4486
8474
6334
3845
973
-2709
5695
-9421
8895
-6235
5495
5197
-6093
1921
9294
4729
-6036
-4108
5262
8574
154
-6498
7973
-6262
-4567
-5010
8574
-1992
-1974
-7232
2608
-5051
2118
1394
-8825
5686
4292
2741
-1212
6636
7660
-1416
-8347
9838
272
-7916
1299
-943
1760
7617
-8409
-230
-6926
-9109
-8731
-3450
-5965
-5214
-8144
-4457
-6608
-4422
3741
-6989
5005
-4061
32
9724
3174
-930
-4561
-8641
-4130
-9572
670
-7256
2173
-4402
-3906
-182
-3617
8941
-2990
-9148
-4054
9082
9816
4590
1519
9291
-6546
4316
920
-778
-169
3122
-158
-5141
6130
-6423
7041
9189
4566
-853
4292
5624
2882
9414
9142
-7779
4351
-8747
-5950
-3610
8833
584
-5101
-1110
-2178
-7657
998
9557
-3018
-8769
5301
9801
8918
8939
4140
6552
-7693
-314
-723
5400
5388
3210
-3249
4818
9861
496
-5515
6797
6948
-8329
-8437
1017
6575
-5725
4729
6968
9145
2350
-8327
663
-260
-7910
1050
2000
-5611
2173
9812
7957
8314
-1209
-7719
625
5960
-2362
868
1869
-5377
7714
-60
7056
4599
9000
6136
-2722
-6170
2292
-3281
-3593
-8467
3434
-9036
8200
3512
6226
9487
9896
-8190
-547
7966
7073
6165
-1097
6866
-7056
6225
-1466
8573
9947
2802
9797
266
1162
528
-8256
7034
9359
272
9920
-2765
-1976
-3410
-7273
470
3889
-4680
5626
-7962
4964
-602
-7246
-6752
8034
-3696
7568
4318
800
679
-2410
2988
1503
-5706
-6997
2767
7626
1787
-2586
-1080
8888
-636
-7480
-9149
7567
-9492
-4198
7827
8245
-6714
5555
-2807
-2849
1927
589
2403
9413
4126
8352
-1287
-4286
7708
-4809
-3037
-2724
4346
3667
289
794
-7231
1524
4891
9779
-5794
7208
-5649
-3588
8823
-6273
-3996
9755
-9205
1851
7219
3267
-2991
-9360
-767
2447
-8648
3310
-5266
2820
6598
1657
-596
-871
8539
-7357
-5183
-3589
6170
4832
-4726
8415
6443
3433
4955
7628
-6174
8147
-3795
8958
-1673
-1264
-4701
-4271
8119
4236
9507
-2967
-8243
1050
-1139
9866
6345
9360
-4027
-3950
-9990
7606
5999
-9514
5266
269
-3113
4664
-2061
4708
7326
-9561
-7534
-6602
1319
-7956
619
-3739
-646
-5033
-7634
-2948
5470
-2697
2631
-5152
8688
8159
6833
-4660
-7641
6237
1905
2155
-8575
-3833
-6462
3920
472
9657
1888
-4860
5514
5463
6948
6431
-9462
-6143
-4182
4800
-7046
9786
5634
-5421
-9213
-6717
-4553
-8168
8630
-1721
-3465
836
-1750
9064
-2482
-3823
2421
2099
5361
6282
-7202
-3445
-5862
1090
-914
9282
9598
-6923
6964
9252
9409
-8953
-3168
6703
2089
-736
5273
2114
2464
3086
381
3068
-9869
5381
2743
-5626
694
7588
-230
1218
8370
8092
6156
9565
8189
459
-9579
7861
-1082
-1786
-1359
8051
8807
-3499
8547
8874
-8178
4035
4939
5811
-5402
2144
-2757
-5943
5823
-9272
475
9516
1080
218
9199
7630
7135
-8160
-1127
-9751
-2255
7934
-4995
-4081
1856
8256
5481
-6919
5002
-2163
6142
-2752
-6565
-5022
9150
8909
8706
-7684
-3477
2893
-7733
6741
1666
9994
6236
2559
-2449
-8813
-1880
-3756
-4630
-7892
3323
-9012
-6559
-3194
-388
-865
-440
-2347
8178
-5428
-733
-3435
-7932
4822
-2533
4225
-5313
5819
4033
-517
9575
-4575
-1782
252
7429
-1762
9670
-4825
7359
141
8749
4010
1865
4827
-2781
4623
1987
6903
-6479
-2172
-2066
4682
4502
-2340
9430
2477
3416
-8368
-6382
-5144
5492
8179
1332
-3813
-8514
4883
8315
-2500
2827
-3673
-3102
516
-4979
-4645
6796
170
-2108
7000
6739
-1741
1536
2626
3073
-1769
-5357
4497
-3908
-1491
-7327
6957
-3786
3231
8717
-7203
-6299
9342
5910
6056
-5651
-3171
1691
4208
-6914
20
7904
-7635
-8910
-7435
832
-9412
-2486
-3104
9987
-594
-190
1205
-6164
1073
5854
6471
8994
5804
-6770
6388
6422
-5328
4151
-4206
1259
-2814
5586
4124
-3321
3669
4280
5486
5942
-8066
4810
4674
5896
-9816
-2604
9495
-497
7259
2974
-8651
-3032
5341
2903
-4137
873
-8450
6208
8544
-1000
-5993
-3713
-868
-1657
-3265
923
-2521
-8320
3881
-5399
-9892
8880
8606
9023
1796
3367
-7672
5423
-7625
4852
2242
-248
-2218
1165
8440
2486
-8427
6361
8326
248
-7025
782
-2020
8509
8164
-4701
8326
8985
-3719
-6270
-9738
-1121
5782
5768
-3901
3402
8929
1536
6178
3275
-505
6108
3288
-410
-8263
-1010
-3640
-9017
-8218
3811
4657
4083
-6592
-8029
3468
-1107
-486
-3505
-3387
9317
-4379
-2364
4764
5260
-6101
55
4044
-3120
-3856
1540
7397
-9075
9520
4065
6287
3285
6285
-5291
-9226
6915
5051
4545
-3372
6604
1365
4683
6884
-6248
-2820
6989
-2812
3734
5550
-4873
-6009
6177
8619
4441
-9847
-7855
-7665
-87
-7817
4621
8008
-6683
7445
-2603
8841
1911
401
-4434
-5601
1915
1809
9424
-63
-6180
1274
-7976
-9590
8824
-4196
-1817
-8295
3595
-4769
8937
-7407
-7661
-1499
3371
-4153
-8409
8893
-6920
1551
1138
4103
2609
4929
6534
-1770
5731
4269
-3053
9875
6230
727
8994
-1379
6108
8483
-9907
-8759
-3459
-3589
6784
-8715
8127
5458
-6772
1151
8352
-4739
3582
-5954
7415
-2169
2175
6437
6847
-4410
6309
-3563
-1695
2085
2426
9871
-7574
6563
-8320
4291
5817
-1184
-2288
564
7549
-4887
3781
9310
-1154
3576
-5760
-3326
-4038
-6492
-2118
-9503
8447
-4011
-1068
7577
7628
8595
1742
-7312
-8280
5733
8394
8067
3760
-8294
-2460
547
-971
7399
4499
4001
-4238
-663
-826
-5521
2790
4402
784
-991
3178
5059
-1594
6413
79
-9653
-4685
-4384
-6805
-6461
-8987
8785
-1220
7147
1458
-761
7058
6332
-6352
3664
2643
4492
6042
301
-7764
-8962
-6817
6238
6122
385
6596
1852
-3930
5463
-2884
8013
-3136
4493
1665
9518
6609
379
-6834
4484
8548
-9075
4946
6234
-4489
-8373
-4626
4217
4526
8366
2464
5610
2360
-869
-2119
6236
7396
-5853
-8000
-1679
7838
-7136
-9514
-2478
-1636
4204
8410
-7231
2757
1719
1250
-3174
-9752
-5023
5847
-5666
-5292
-8448
3681
-7216
4327
3743
-9084
46
-2561
3479
-5892
-1309
976
348
9348
-559
8096
-2028
-7365
-9977
-5070
7331
5302
2916
-5647
8534
4129
8154
4774
2414
6942
-3211
-9401
-7461
3876
-4408
-199
-3581
-3940
-3279
9932
7069
5101
8442
-7286
4381
9016
-8983
-3687
9949
-1886
-9551
9189
5879
-8513
-3743
2035
2504
-5264
7817
-4776
-7937
-5150
-2321
2463
4474
-1525
-7691
-4220
9376
-3914
1388
1697
-8817
-4886
851
-8257
8089
-9493
-6290
384
-9314
-7815
-4533
6795
574
3890
785
2856
8360
4479
9985
3622
-5879
1151
8716
7055
1543
-6813
-2112
4420
1654
-1791
299
5531
4730
4523
4016
-575
328
4045
-3740
-7092
5992
4244
-9952
2892
3657
3338
-6119
-1955
-3940
239
2404
4832
1403
3813
-8376
-910
-1833
2847
6758
8211
5028
-3149
6461
-7919
6165
7860
8420
5081
-2684
9893
6520
2425
2959
4259
3676
1486
-5488
9971
-3042
-4898
-2990
9350
7884
-4792
1588
2345
8862
-2199
-8730
-9642
-8735
7898
6811
3144
3840
3606
-4016
-3387
-3233
-9170
46
8384
-6435
8803
1154
518
6953
-4517
1243
3502
-4937
-6770
-7317
8279
1018
5984
-3633
6082
-2459
787
-5956
-2737
2970
-2598
8561
-4162
-9492
-4176
1363
-5039
5230
8520
6317
-6783
2362
664
-1877
9956
8712
-8353
7104
-1395
-6827
-3483
4498
-3288
-5122
-8778
4765
6268
3596
1952
373
-8657
-7999
-5213
-8242
-8362
6301
-9341
1858
-3419
9788
-4938
8764
-2117
12
8252
-9999
-9130
6955
-8505
5010
7422
8975
7112
-6797
4887
-496
6718
5610
-3910
7487
-3238
-561
5220
3345
4248
8655
5242
832
-8902
2108
-1379
-2110
-6701
5009
-8671
7712
-5854
9269
-9890
7517
-8260
-9354
-8565
7273
-7208
7130
-2054
7301
9211
-3135
-1358
1878
3111
-3371
-447
-7457
9946
5210
-8481
-8607
556
-5461
-4529
921
-3703
-4708
5827
9115
-4845
2337
-3033
-995
576
1670
-3916
8271
-1250
3755
7983
489
4375
-6550
4759
1282
-3398
1966
-5948
-6602
-7135
-6408
282
6506
1480
82
6455
-7692
3390
-1972
-5749
922
-7989
-1412
-3598
168
-2181
261
-638
-1396
6566
-8834
4383
-2421
-75
2159
-5726
2820
3625
887
-9117
689
-6657
-8098
5760
5370
-9669
-782
7024
8767
4199
1256
4674
-9280
-9072
-4937
2237
9026
5861
-1025
1509
-7724
-3740
6867
9822
-3641
3605
5852
-2641
9969
-2701
4918
1636
6145
-7616
5566
-3446
-493
5137
-7498
8928
5373
5215
-6625
7910
-2257
-6077
5735
8491
-7320
1969
-5545
-3697
9677
3457
7402
-3319
5407
9068
4627
5512
4616
-3696
6798
3745
6287
-7248
-2228
-6855
-418
-7254
-3919
-412
9028
-9610
1750
-1892
-5245
9043
-6986
9706
3544
4456
4661
-9303
2995
1960
5106
4254
2466
8366
-9196
-1548
-2960
-4490
1402
824
-2431
8523
-8349
-1174
555
5999
9420
-5074
-9071
993
1314
-208
-7561
-964
-6801
-8668
-6135
2234
-1091
9176
-7214
-5190
1645
-7616
-6864
-6754
-4521
-5944
-8809
2297
6803
-8988
-7395
-7943
-4454
-5366
-769
-9772
517
-4335
3608
-3107
8007
8188
-2109
-2342
-6265
-733
-4026
-3516
-4943
4515
1910
5667
9529
-5717
-1594
9589
9002
-9682
-4495
-7979
2093
38
-9456
-1102
89
3321
2328
4878
3990
-1035
4056
-4020
-7045
-1178
-1752
656
6115
7881
411
1826
-5968
9659
-8174
-6099
2485
-2588
-62
-7126
-3100
6344
5507
7386
-3640
-9431
6111
-6904
2012
5047
-1373
-6492
-6230
72
-4037
9296
-9224
-3905
9887
-5776
1028
3556
-310
2190
6132
-8593
4969
3365
466
689
1690
458
-4756
-1357
-1391
-6217
2113
-4136
674
-6260
-5531
3203
9284
7572
-8483
-5373
7308
529
2003
-5386
-8249
-3316
-5263
175
-6302
9634
-6326
7274
7695
7242
-6464
-2763
-9776
2152
-8164
-1342
-5491
5814
-8789
8557
-2726
1
-4844
6058
-9034
7847
7921
5910
-8672
-5575
3162
-8777
-8404
-2581
4918
7380
6631
7451
6976
-4090
-7779
-623
3633
-4809
8580
3905
-1052
1621
9932
-5280
6797
-9645
-4370
6180
-7243
-4675
2094
-9538
-1602
-6565
5115
-1349
-6037
-5372
4348
-116
9799
-3862
-8475
-4467
1412
4470
9604
-5837
-4567
-2705
5906
4380
-1567
-1924
2487
4471
-7031
7611
-3498
7906
-3943
-2555
-921
6016
5922
6364
-997
-4584
-6932
-8090
-62
1510
-9678
6552
9618
-5261
-6208
-1628
4414
1273
-3452
-765
4596
424
2890
-4726
1400
-3310
3381
3624
333
2206
-8184
6259
-4878
6299
-4642
7169
-7718
4200
4509
9516
8577
-1392
-8222
-2483
8979
8628
-9464
-2686
8568
-8803
-5672
-25
-1713
-863
6439
7856
2901
-2392
4338
-1361
-835
-1837
1605
-6834
3478
1235
690
5843
1166
-267
-7328
4834
-4468
-545
-3353
-3919
5320
3583
5156
-1145
-5375
-9907
-7347
8618
-9734
6799
-1288
374
8269
6150
-4729
6620
-8639
4450
7286
-6269
834
2914
-7597
2157
7684
1358
8678
-4447
7436
348
-8842
7015
-9447
-2317
2876
4738
-6340
-5462
-4211
-978
4529
3874
-4053
3544
5986
-7019
7492
8291
216
7784
8069
-9034
-8508
-6732
7287
-2960
86
-9607
-1669
3778
4004
2766
-9190
-2351
-5142
-1633
7655
-1244
8019
6545
7093
-1125
2647
-303
6850
3136
924
-5733
-9744
4090
6319
-2219
9356
184
-3646
9897
2664
-5666
-4798
-1451
4603
105
2058
8196
-6486
-2450
9519
2599
5429
-5736
-8732
-7380
5989
7281
-9100
8083
4486
3821
-5526
5817
-8669
-7700
-5001
-6879
1639
-7069
-8700
-9540
-195
-228
887
-2304
5627
-2578
9565
6572
-3219
473
5042
-29
1313
-4876
-6658
-5241
2846
-3955
5338
5603
7151
5501
-6580
2321
-5078
9704
9951
1060
3268
4480
-4131
8993
-2561
-7753
-4049
-4207
9327
-3174
-3117
-1892
1157
3032
-7864
1772
-625
-837
7870
-4961
-7342
-6992
-5013
3048
-6366
5756
-8905
8653
1327
-9178
6042
3995
-6376
6252
-4296
4092
-7389
-8494
5044
-1052
9703
-2042
8842
8136
-3305
9981
9349
-4230
-2747
-5209
7839
9569
5782
-8302
4950
3020
1363
2810
6463
4828
-1291
-7363
-8208
5685
-5
6257
6289
8939
-3485
-3613
-8995
-3132
793
-9709
-1235
4101
-1604
4609
3644
-355
2231
1061
-2589
1760
-3821
-8529
-8989
6841
-4610
8676
-1686
5265
-1844
-4577
-8878
1914
4907
6036
5832
-7568
-8168
-4512
-9966
8779
-9807
4579
142
-7100
9447
2407
8639
2753
-864
5984
1757
6687
-8253
4548
7407
-3507
-2394
-1159
9731
-9938
-8337
-1969
-8758
-621
1366
2843
-7081
8639
7533
3326
-2475
5016
9048
-4472
6799
-7967
9277
6453
-1403
7105
-8029
-7426
-420
9496
7713
-2816
-851
-9613
-6291
-8422
-1630
7410
5265
-7953
-6867
8551
-1979
4512
-2052
6456
-4054
4037
7263
7650
7533
9342
-8564
-9634
6283
-2861
9433
3353
5217
-123
7326
5037
9129
-1628
-4875
-5042
6716
-66
6212
-381
-2595
7954
-9651
-260
-8146
-1430
-1110
-1623
5242
-2652
1602
6538
2859
2473
5129
2209
-808
9339
-1115
9105
6634
-2765
-997
4009
5087
9994
5959
-3853
-5113
-9345
2402
-3082
2744
-2214
-1703
7120
712
5363
9229
5986
-8727
-4970
2938
-9346
-6090
1664
7422
-5614
-6198
5070
9898
5412
-3136
-1481
1396
3770
-4783
-3457
8815
-6389
1708
-9652
-6228
-756
2257
-8016
9938
1267
4075
8951
-5914
-5810
-5680
-4140
-1150
-316
-425
6082
8453
3285
9657
7842
84
-3318
-3087
-2971
-5821
2456
1854
-1006
-3378
4632
-3679
3443
-1763
-1539
-8770
-8387
1029
1809
1281
77
-3372
-9664
7057
-3487
-9397
9749
-3803
4683
5385
-2675
8872
7061
3068
-751
7119
-3247
247
2610
7185
-4934
-2471
-3106
4386
-5970
3282
-392
-271
9289
-4979
5690
-1373
-692
8974
1176
6316
835
-651
-2759
-473
-4377
6102
619
-4908
-2299
4757
-7704
6701
4447
1617
-5138
-7606
-6615
-4594
6656
-6014
6415
9169
1687
-9626
18
8401
246
2743
-1836
686
-1693
-6174
7839
-6445
5495
1284
-450
115
-9048
2770
-7988
5410
-1953
-6777
-2954
4769
-2857
1796
-1811
-695
-9890
-9700
8322
4192
-7713
-8036
2829
-932
2440
9402
-905
5430
6661
5354